0 0 0 0 0 0 = 0 : 2.2225701275717547
0 0 0 0 0 1 = 1 : 4.241234121421884
0 0 0 0 0 2 = 2 : 4.1216471512728505
0 0 0 0 0 3 = 3 : 3.969421032664016
0 0 0 0 0 4 = 4 : 4.009582344961071
0 0 0 0 0 5 = 5 : 3.8790123792682154
0 0 0 0 0 6 = 6 : 3.9188636488250155
0 0 0 0 0 7 = 7 : 3.80726003344131
0 0 0 0 0 8 = 8 : 3.8697977816729234
0 0 0 0 0 9 = 9 : 3.789789063528031
0 0 0 0 0 = 0 0 : 2.294009690661326
0 0 0 0 1 = 0 1 : 4.344380416258294
0 0 0 0 2 = 0 2 : 4.2082548536061095
0 0 0 0 3 = 0 3 : 4.070173753712582
0 0 0 0 4 = 0 4 : 4.104649353018759
0 0 0 0 5 = 0 5 : 3.9721460690058445
0 0 0 0 6 = 0 6 : 4.0236805154925595
0 0 0 0 7 = 0 7 : 3.9234264036411224
0 0 0 0 8 = 0 8 : 3.975658404509271
0 0 0 0 9 = 0 9 : 3.92034892809549
0 0 0 0 + 0 = 0 : 3.1272622665299328
0 0 0 0 + 1 = 1 : 5.03045910244342
0 0 0 0 + 2 = 2 : 4.942872835055614
0 0 0 0 + 3 = 3 : 4.795108968404625
0 0 0 0 + 4 = 4 : 4.836807220647962
0 0 0 0 + 5 = 5 : 4.701376728799331
0 0 0 0 + 6 = 6 : 4.7512274968550985
0 0 0 0 + 7 = 7 : 4.640072290087767
0 0 0 0 + 8 = 8 : 4.70137161039577
0 0 0 0 + 9 = 9 : 4.616670366944718
0 0 0 0 - 0 = 0 : 3.284695325347585
0 0 0 0 * 0 = 0 : 3.1309139653394613
0 0 0 0 * 1 = 0 : 4.280608168035345
0 0 0 0 * 2 = 0 : 4.30240205325061
0 0 0 0 * 3 = 0 : 4.264472354816208
0 0 0 0 * 4 = 0 : 4.27292913981883
0 0 0 0 * 5 = 0 : 4.215081463972659
0 0 0 0 * 6 = 0 : 4.24802318965664
0 0 0 0 * 7 = 0 : 4.206390181166279
0 0 0 0 * 8 = 0 : 4.228147020831203
0 0 0 0 * 9 = 0 : 4.193987128056808
0 0 0 0 / 1 = 0 : 4.0767727585184454
0 0 0 0 / 2 = 0 : 4.082186339206456
0 0 0 0 / 3 = 0 : 4.044521496973484
0 0 0 0 / 4 = 0 : 4.0439232483005885
0 0 0 0 / 5 = 0 : 3.9804863695324366
0 0 0 0 / 6 = 0 : 4.013546453792514
0 0 0 0 / 7 = 0 : 3.969794488472502
0 0 0 0 / 8 = 0 : 3.990055597656612
0 0 0 0 / 9 = 0 : 3.9536451615509964
0 0 0 0 = 0 0 0 : 1.7401658595099445
0 0 0 0 = 0 + 0 : 2.6380346390400016
0 0 0 0 = 0 - 0 : 2.642233920257263
0 0 0 0 = 0 * 0 : 2.4798427232249054
0 0 0 0 = 0 * 1 : 3.7039166637182594
0 0 0 0 = 0 * 2 : 3.751146957928803
0 0 0 0 = 0 * 3 : 3.7046826180226873
0 0 0 0 = 0 * 4 : 3.7332305946321713
0 0 0 0 = 0 * 5 : 3.680607055555123
0 0 0 0 = 0 * 6 : 3.7182711996431537
0 0 0 0 = 0 * 7 : 3.6624805762882104
0 0 0 0 = 0 * 8 : 3.7059545943140058
0 0 0 0 = 0 * 9 : 3.654739657551834
0 0 0 0 = 0 / 1 : 3.638903513479626
0 0 0 0 = 0 / 2 : 3.6825631301276904
0 0 0 0 = 0 / 3 : 3.6352432269690143
0 0 0 0 = 0 / 4 : 3.6636138597397534
0 0 0 0 = 0 / 5 : 3.5986958204244566
0 0 0 0 = 0 / 6 : 3.6486285585529417
0 0 0 0 = 0 / 7 : 3.5910032613606355
0 0 0 0 = 0 / 8 : 3.6359396973396345
0 0 0 0 = 0 / 9 : 3.5896215054918326
0 0 0 0 = 1 - 1 : 4.50421103367289
0 0 0 0 = 1 * 0 : 3.6102639709619613
0 0 0 0 = 2 - 2 : 4.436849945932527
0 0 0 0 = 2 * 0 : 3.661879848608308
0 0 0 0 = 3 - 3 : 4.309452521346057
0 0 0 0 = 3 * 0 : 3.6374078548602977
0 0 0 0 = 4 - 4 : 4.350587284184371
0 0 0 0 = 4 * 0 : 3.6443119610658323
0 0 0 0 = 5 - 5 : 4.2111815479556505
0 0 0 0 = 5 * 0 : 3.590652704788368
0 0 0 0 = 6 - 6 : 4.276709592922516
0 0 0 0 = 6 * 0 : 3.6257544630183265
0 0 0 0 = 7 - 7 : 4.172864416364168
0 0 0 0 = 7 * 0 : 3.5897864408279054
0 0 0 0 = 8 - 8 : 4.23300916457357
0 0 0 0 = 8 * 0 : 3.6082689493564883
0 0 0 0 = 9 - 9 : 4.162130801772547
0 0 0 0 = 9 * 0 : 3.5728248419563893
0 0 0 1 0 = 1 0 : 4.425421953857233
0 0 0 1 1 = 1 1 : 4.976040678396215
0 0 0 1 2 = 1 2 : 6.263760373336531
0 0 0 1 3 = 1 3 : 6.1623239461292245
0 0 0 1 4 = 1 4 : 6.195402386270513
0 0 0 1 5 = 1 5 : 6.070179079816044
0 0 0 1 6 = 1 6 : 6.125738651527401
0 0 0 1 7 = 1 7 : 6.029040440816843
0 0 0 1 8 = 1 8 : 6.081900833911162
0 0 0 1 9 = 1 9 : 6.006193173691058
0 0 0 1 + 0 = 1 : 5.186459765398276
0 0 0 1 + 1 = 2 : 6.361318540574462
0 0 0 1 + 2 = 3 : 6.768518458807471
0 0 0 1 + 3 = 4 : 6.7786354543355385
0 0 0 1 + 4 = 5 : 6.732971815230256
0 0 0 1 + 5 = 6 : 6.723829333670037
0 0 0 1 + 6 = 7 : 6.692474456985362
0 0 0 1 + 7 = 8 : 6.691662613313069
0 0 0 1 + 8 = 9 : 6.643023917911013
0 0 0 1 - 0 = 1 : 5.346178161894253
0 0 0 1 - 1 = 0 : 5.311364166670006
0 0 0 1 * 0 = 0 : 4.447851252954515
0 0 0 1 * 1 = 1 : 5.424624971347037
0 0 0 1 * 2 = 2 : 6.192951671355795
0 0 0 1 * 3 = 3 : 6.076890493499871
0 0 0 1 * 4 = 4 : 6.123452988112128
0 0 0 1 * 5 = 5 : 5.987182937921616
0 0 0 1 * 6 = 6 : 6.048323945025832
0 0 0 1 * 7 = 7 : 5.937182411035593
0 0 0 1 * 8 = 8 : 6.001923068796691
0 0 0 1 * 9 = 9 : 5.906415178067047
0 0 0 1 / 1 = 1 : 5.209120502588682
0 0 0 1 = 0 0 1 : 3.8293927940015906
0 0 0 1 = 0 + 1 : 4.692072718529809
0 0 0 1 = 1 + 0 : 4.618298147542508
0 0 0 1 = 1 - 0 : 4.628009738953764
0 0 0 1 = 1 * 1 : 4.739003390034392
0 0 0 1 = 1 / 1 : 4.674957631720069
0 0 0 1 = 2 - 1 : 5.813712979617839
0 0 0 1 = 2 / 2 : 5.4723762060921635
0 0 0 1 = 3 - 2 : 6.283260263600897
0 0 0 1 = 3 / 3 : 5.370207625324479
0 0 0 1 = 4 - 3 : 6.267191915632762
0 0 0 1 = 4 / 4 : 5.4223381922328695
0 0 0 1 = 5 - 4 : 6.252623293278318
0 0 0 1 = 5 / 5 : 5.278484626847872
0 0 0 1 = 6 - 5 : 6.227234688090113
0 0 0 1 = 6 / 6 : 5.354770947556367
0 0 0 1 = 7 - 6 : 6.232966805490894
0 0 0 1 = 7 / 7 : 5.247181142375119
0 0 0 1 = 8 - 7 : 6.1987933943692655
0 0 0 1 = 8 / 8 : 5.315589782190297
0 0 0 1 = 9 - 8 : 6.196710124591783
0 0 0 1 = 9 / 9 : 5.228850191623239
0 0 0 2 0 = 2 0 : 4.289070439154027
0 0 0 2 1 = 2 1 : 6.254418991111624
0 0 0 2 2 = 2 2 : 4.757881539185839
0 0 0 2 3 = 2 3 : 6.0287761507705495
0 0 0 2 4 = 2 4 : 6.070106306490126
0 0 0 2 5 = 2 5 : 5.9281404263499
0 0 0 2 6 = 2 6 : 5.98599025774996
0 0 0 2 7 = 2 7 : 5.89553824842462
0 0 0 2 8 = 2 8 : 5.9340223208450835
0 0 0 2 9 = 2 9 : 5.888772330240377
0 0 0 2 + 0 = 2 : 5.112212686829245
0 0 0 2 + 1 = 3 : 6.775854083764483
0 0 0 2 + 2 = 4 : 6.268339284657043
0 0 0 2 + 3 = 5 : 6.758294140470984
0 0 0 2 + 4 = 6 : 6.797668421994377
0 0 0 2 + 5 = 7 : 6.695351988380539
0 0 0 2 + 6 = 8 : 6.758668247818432
0 0 0 2 + 7 = 9 : 6.675861096500705
0 0 0 2 - 0 = 2 : 5.25984440014421
0 0 0 2 - 1 = 1 : 6.496673975505395
0 0 0 2 - 2 = 0 : 5.206124102963995
0 0 0 2 * 0 = 0 : 4.479434235391183
0 0 0 2 * 1 = 2 : 6.178256539617127
0 0 0 2 * 2 = 4 : 6.255654448903231
0 0 0 2 * 3 = 6 : 6.7715852192072745
0 0 0 2 * 4 = 8 : 6.783753580330381
0 0 0 2 / 1 = 2 : 5.985033895359695
0 0 0 2 / 2 = 1 : 5.9689474563513745
0 0 0 2 = 0 0 2 : 3.708496001885636
0 0 0 2 = 0 + 2 : 4.5867977524268
0 0 0 2 = 1 + 1 : 5.768857915684347
0 0 0 2 = 1 * 2 : 5.480044591721806
0 0 0 2 = 2 + 0 : 4.535523141141369
0 0 0 2 = 2 - 0 : 4.536669316487959
0 0 0 2 = 2 * 1 : 5.508713826416178
0 0 0 2 = 2 / 1 : 5.4621035754804375
0 0 0 2 = 3 - 1 : 6.248472800122331
0 0 0 2 = 4 - 2 : 5.710979384348473
0 0 0 2 = 4 / 2 : 5.4939862688326535
0 0 0 2 = 5 - 3 : 6.233445236111942
0 0 0 2 = 6 - 4 : 6.285807561164191
0 0 0 2 = 6 / 3 : 6.030284717893348
0 0 0 2 = 7 - 5 : 6.197644306687398
0 0 0 2 = 8 - 6 : 6.249127928651483
0 0 0 2 = 8 / 4 : 6.060221412227494
0 0 0 2 = 9 - 7 : 6.174525875002139
0 0 0 3 0 = 3 0 : 4.131123801120377
0 0 0 3 1 = 3 1 : 6.142442746570989
0 0 0 3 2 = 3 2 : 6.003084883209407
0 0 0 3 3 = 3 3 : 4.5340903690926435
0 0 0 3 4 = 3 4 : 5.909059123232942
0 0 0 3 5 = 3 5 : 5.785593965222025
0 0 0 3 6 = 3 6 : 5.8244042793816035
0 0 0 3 7 = 3 7 : 5.720265916179247
0 0 0 3 8 = 3 8 : 5.785823729821581
0 0 0 3 9 = 3 9 : 5.738280896424441
0 0 0 3 + 0 = 3 : 4.947688756130713
0 0 0 3 + 1 = 4 : 6.772284810410092
0 0 0 3 + 2 = 5 : 6.737646806673595
0 0 0 3 + 3 = 6 : 6.0927301475601245
0 0 0 3 + 4 = 7 : 6.682013531233331
0 0 0 3 + 5 = 8 : 6.683442427434605
0 0 0 3 + 6 = 9 : 6.655649633981704
0 0 0 3 - 0 = 3 : 5.099323177837501
0 0 0 3 - 1 = 2 : 6.932390407608195
0 0 0 3 - 2 = 1 : 6.895633794334359
0 0 0 3 - 3 = 0 : 5.050602730280695
0 0 0 3 * 0 = 0 : 4.426579819804659
0 0 0 3 * 1 = 3 : 6.0547538399721095
0 0 0 3 * 2 = 6 : 6.753513278628153
0 0 0 3 * 3 = 9 : 6.032241410162002
0 0 0 3 / 1 = 3 : 5.8601354777689645
0 0 0 3 / 3 = 1 : 5.848251942803986
0 0 0 3 = 0 0 3 : 3.547344803254119
0 0 0 3 = 0 + 3 : 4.427261460141159
0 0 0 3 = 1 + 2 : 6.203837333295497
0 0 0 3 = 1 * 3 : 5.348259506263446
0 0 0 3 = 2 + 1 : 6.204802961323344
0 0 0 3 = 3 + 0 : 4.392504143353297
0 0 0 3 = 3 - 0 : 4.396043306524014
0 0 0 3 = 3 * 1 : 5.398854069200188
0 0 0 3 = 3 / 1 : 5.345755660994046
0 0 0 3 = 4 - 1 : 6.222874338453413
0 0 0 3 = 5 - 2 : 6.223411808542775
0 0 0 3 = 6 - 3 : 5.529402415506294
0 0 0 3 = 6 / 2 : 6.024979867491051
0 0 0 3 = 7 - 4 : 6.192098325272802
0 0 0 3 = 8 - 5 : 6.162530903616751
0 0 0 3 = 9 - 6 : 6.170172437746912
0 0 0 3 = 9 / 3 : 5.271826088774798
0 0 0 4 0 = 4 0 : 4.134769607401469
0 0 0 4 1 = 4 1 : 6.147474525333042
0 0 0 4 2 = 4 2 : 6.018604346336077
0 0 0 4 3 = 4 3 : 5.880436367757868
0 0 0 4 4 = 4 4 : 4.56592879308477
0 0 0 4 5 = 4 5 : 5.776522545718286
0 0 0 4 6 = 4 6 : 5.828651861223432
0 0 0 4 7 = 4 7 : 5.7344574133467825
0 0 0 4 8 = 4 8 : 5.782877465684375
0 0 0 4 9 = 4 9 : 5.729124699481549
0 0 0 4 + 0 = 4 : 4.978625885669825
0 0 0 4 + 1 = 5 : 6.715120957909811
0 0 0 4 + 2 = 6 : 6.771976302304072
0 0 0 4 + 3 = 7 : 6.67069373946464
0 0 0 4 + 4 = 8 : 6.088229738541241
0 0 0 4 + 5 = 9 : 6.617430352825995
0 0 0 4 - 0 = 4 : 5.132517450847878
0 0 0 4 - 1 = 3 : 6.909063645777412
0 0 0 4 - 2 = 2 : 6.3728972896680975
0 0 0 4 - 3 = 1 : 6.875353469027876
0 0 0 4 - 4 = 0 : 5.059291672521033
0 0 0 4 * 0 = 0 : 4.427883226915697
0 0 0 4 * 1 = 4 : 6.091709297405543
0 0 0 4 * 2 = 8 : 6.7619262952031125
0 0 0 4 / 1 = 4 : 5.889057461442234
0 0 0 4 / 2 = 2 : 5.989086022210056
0 0 0 4 / 4 = 1 : 5.852720506319521
0 0 0 4 = 0 0 4 : 3.573793760143294
0 0 0 4 = 0 + 4 : 4.454247798543377
0 0 0 4 = 1 + 3 : 6.1721408384532905
0 0 0 4 = 1 * 4 : 5.383318379757214
0 0 0 4 = 2 + 2 : 5.681900971310863
0 0 0 4 = 2 * 2 : 5.5320950032327
0 0 0 4 = 3 + 1 : 6.19537161109452
0 0 0 4 = 4 + 0 : 4.4029149265030645
0 0 0 4 = 4 - 0 : 4.408593724878307
0 0 0 4 = 4 * 1 : 5.419470682344327
0 0 0 4 = 4 / 1 : 5.365271849305345
0 0 0 4 = 5 - 1 : 6.1784630122668025
0 0 0 4 = 6 - 2 : 6.244141853626238
0 0 0 4 = 7 - 3 : 6.153771350868632
0 0 0 4 = 8 - 4 : 5.542400135845077
0 0 0 4 = 8 / 2 : 6.021376811833445
0 0 0 4 = 9 - 5 : 6.114394355844654
0 0 0 5 0 = 5 0 : 4.001683187422544
0 0 0 5 1 = 5 1 : 6.036846738684228
0 0 0 5 2 = 5 2 : 5.886881160775597
0 0 0 5 3 = 5 3 : 5.766125625019305
0 0 0 5 4 = 5 4 : 5.786850495843395
0 0 0 5 5 = 5 5 : 4.37285416989025
0 0 0 5 6 = 5 6 : 5.695388998772932
0 0 0 5 7 = 5 7 : 5.615528050578217
0 0 0 5 8 = 5 8 : 5.658761891434162
0 0 0 5 9 = 5 9 : 5.615914691277066
0 0 0 5 + 0 = 5 : 4.8354669595337185
0 0 0 5 + 1 = 6 : 6.684872836349847
0 0 0 5 + 2 = 7 : 6.6448909246008165
0 0 0 5 + 3 = 8 : 6.651289737933049
0 0 0 5 + 4 = 9 : 6.591841153846978
0 0 0 5 - 0 = 5 : 4.972859670118256
0 0 0 5 - 1 = 4 : 6.8595784024156705
0 0 0 5 - 2 = 3 : 6.832622374731311
0 0 0 5 - 3 = 2 : 6.84140531199095
0 0 0 5 - 4 = 1 : 6.804889974438064
0 0 0 5 - 5 = 0 : 4.915407927202014
0 0 0 5 * 0 = 0 : 4.353556948137754
0 0 0 5 * 1 = 5 : 5.942017005919278
0 0 0 5 / 1 = 5 : 5.726714575194207
0 0 0 5 / 5 = 1 : 5.708227930791095
0 0 0 5 = 0 0 5 : 3.427093789017574
0 0 0 5 = 0 + 5 : 4.30936880130813
0 0 0 5 = 1 + 4 : 6.131245417683701
0 0 0 5 = 1 * 5 : 5.245865474090044
0 0 0 5 = 2 + 3 : 6.156795776649724
0 0 0 5 = 3 + 2 : 6.178321274357981
0 0 0 5 = 4 + 1 : 6.138461922720257
0 0 0 5 = 5 + 0 : 4.272272065991054
0 0 0 5 = 5 - 0 : 4.271218463519566
0 0 0 5 = 5 * 1 : 5.309918653786707
0 0 0 5 = 5 / 1 : 5.229997771602405
0 0 0 5 = 6 - 1 : 6.132861347645084
0 0 0 5 = 7 - 2 : 6.13669753553389
0 0 0 5 = 8 - 3 : 6.109998656520877
0 0 0 5 = 9 - 4 : 6.094017877173982
0 0 0 6 0 = 6 0 : 4.011343284451968
0 0 0 6 1 = 6 1 : 6.041423666436319
0 0 0 6 2 = 6 2 : 5.896655908502753
0 0 0 6 3 = 6 3 : 5.755736163986882
0 0 0 6 4 = 6 4 : 5.778825971101922
0 0 0 6 5 = 6 5 : 5.642648988485389
0 0 0 6 6 = 6 6 : 4.408947041505388
0 0 0 6 7 = 6 7 : 5.609548057324051
0 0 0 6 8 = 6 8 : 5.6662625004046046
0 0 0 6 9 = 6 9 : 5.615122830743832
0 0 0 6 + 0 = 6 : 4.8662303362493935
0 0 0 6 + 1 = 7 : 6.6382951354853805
0 0 0 6 + 2 = 8 : 6.689534284618044
0 0 0 6 + 3 = 9 : 6.603860916568414
0 0 0 6 - 0 = 6 : 5.023420302765008
0 0 0 6 - 1 = 5 : 6.80949437693352
0 0 0 6 - 2 = 4 : 6.873737276172331
0 0 0 6 - 3 = 3 : 6.155233926831291
0 0 0 6 - 4 = 2 : 6.856201099407773
0 0 0 6 - 5 = 1 : 6.758231677424602
0 0 0 6 - 6 = 0 : 4.936262508719337
0 0 0 6 * 0 = 0 : 4.3651366837558525
0 0 0 6 * 1 = 6 : 5.996711492724822
0 0 0 6 / 1 = 6 : 5.790284721138686
0 0 0 6 / 2 = 3 : 6.457219459229105
0 0 0 6 / 3 = 2 : 6.463625731100792
0 0 0 6 / 6 = 1 : 5.739077995771773
0 0 0 6 = 0 0 6 : 3.4654653288353274
0 0 0 6 = 0 + 6 : 4.344477511892304
0 0 0 6 = 1 + 5 : 6.078981895628271
0 0 0 6 = 1 * 6 : 5.287337552938973
0 0 0 6 = 2 + 4 : 6.183873826745815
0 0 0 6 = 2 * 3 : 6.00315948575799
0 0 0 6 = 3 + 3 : 5.47903152111208
0 0 0 6 = 3 * 2 : 6.026190879050648
0 0 0 6 = 4 + 2 : 6.181927882090405
0 0 0 6 = 5 + 1 : 6.0983095246317625
0 0 0 6 = 6 + 0 : 4.28893968047414
0 0 0 6 = 6 - 0 : 4.295307932619408
0 0 0 6 = 6 * 1 : 5.324717758204858
0 0 0 6 = 6 / 1 : 5.262173005585179
0 0 0 6 = 7 - 1 : 6.103461344544736
0 0 0 6 = 8 - 2 : 6.150630303218544
0 0 0 6 = 9 - 3 : 6.076393165604495
0 0 0 7 0 = 7 0 : 3.891873718024901
0 0 0 7 1 = 7 1 : 5.9241361770308085
0 0 0 7 2 = 7 2 : 5.783349121510272
0 0 0 7 3 = 7 3 : 5.628664637292229
0 0 0 7 4 = 7 4 : 5.670037281830854
0 0 0 7 5 = 7 5 : 5.543872049196295
0 0 0 7 6 = 7 6 : 5.587707634961359
0 0 0 7 7 = 7 7 : 4.240727887695141
0 0 0 7 8 = 7 8 : 5.542537646106705
0 0 0 7 9 = 7 9 : 5.492063365148857
0 0 0 7 + 0 = 7 : 4.72573328349375
0 0 0 7 + 1 = 8 : 6.601157140547111
0 0 0 7 + 2 = 9 : 6.570598713511748
0 0 0 7 - 0 = 7 : 4.883540487390085
0 0 0 7 - 1 = 6 : 6.79104608242431
0 0 0 7 - 2 = 5 : 6.7370224049331
0 0 0 7 - 3 = 4 : 6.760171664881623
0 0 0 7 - 4 = 3 : 6.734078520512162
0 0 0 7 - 5 = 2 : 6.726478813056003
0 0 0 7 - 6 = 1 : 6.7221145103795
0 0 0 7 - 7 = 0 : 4.8091538033872085
0 0 0 7 * 0 = 0 : 4.288810548801079
0 0 0 7 * 1 = 7 : 5.856153259415124
0 0 0 7 / 1 = 7 : 5.650158600890689
0 0 0 7 / 7 = 1 : 5.614498410860326
0 0 0 7 = 0 0 7 : 3.3306814317185585
0 0 0 7 = 0 + 7 : 4.209545874050593
0 0 0 7 = 1 + 6 : 6.0487974702093235
0 0 0 7 = 1 * 7 : 5.14881492274977
0 0 0 7 = 2 + 5 : 6.058768015791076
0 0 0 7 = 3 + 4 : 6.078394552892445
0 0 0 7 = 4 + 3 : 6.056448014704439
0 0 0 7 = 5 + 2 : 6.073319108737201
0 0 0 7 = 6 + 1 : 6.05176776149317
0 0 0 7 = 7 + 0 : 4.167649723663273
0 0 0 7 = 7 - 0 : 4.172738337581734
0 0 0 7 = 7 * 1 : 5.204587944724088
0 0 0 7 = 7 / 1 : 5.138564827221985
0 0 0 7 = 8 - 1 : 6.048605234102919
0 0 0 7 = 9 - 2 : 6.056640050366957
0 0 0 8 0 = 8 0 : 3.8863922558517947
0 0 0 8 1 = 8 1 : 5.909182641202226
0 0 0 8 2 = 8 2 : 5.761746077886673
0 0 0 8 3 = 8 3 : 5.635810725557411
0 0 0 8 4 = 8 4 : 5.66649849280412
0 0 0 8 5 = 8 5 : 5.532715901683589
0 0 0 8 6 = 8 6 : 5.593040123308764
0 0 0 8 7 = 8 7 : 5.4860832282215455
0 0 0 8 8 = 8 8 : 4.271195179781089
0 0 0 8 9 = 8 9 : 5.466012276041155
0 0 0 8 + 0 = 8 : 4.755794628697444
0 0 0 8 + 1 = 9 : 6.50538322988997
0 0 0 8 - 0 = 8 : 4.915019189424034
0 0 0 8 - 1 = 7 : 6.717970704889705
0 0 0 8 - 2 = 6 : 6.773074849328936
0 0 0 8 - 3 = 5 : 6.690152979606535
0 0 0 8 - 4 = 4 : 6.110746947507857
0 0 0 8 - 5 = 3 : 6.669690791509957
0 0 0 8 - 6 = 2 : 6.739379857798424
0 0 0 8 - 7 = 1 : 6.662141954244391
0 0 0 8 - 8 = 0 : 4.815801218012504
0 0 0 8 * 0 = 0 : 4.275179863771046
0 0 0 8 * 1 = 8 : 5.879871392547501
0 0 0 8 / 1 = 8 : 5.680367240009838
0 0 0 8 / 2 = 4 : 6.415867160918316
0 0 0 8 / 4 = 2 : 6.395150237033469
0 0 0 8 / 8 = 1 : 5.618115283805847
0 0 0 8 = 0 0 8 : 3.3635756666685976
0 0 0 8 = 0 + 8 : 4.2416441461831145
0 0 0 8 = 1 + 7 : 5.9785959740320225
0 0 0 8 = 1 * 8 : 5.184672912446118
0 0 0 8 = 2 + 6 : 6.083563158380443
0 0 0 8 = 2 * 4 : 5.9679192860671275
0 0 0 8 = 3 + 5 : 6.02130387098642
0 0 0 8 = 4 + 4 : 5.437698142813856
0 0 0 8 = 4 * 2 : 5.970153304909491
0 0 0 8 = 5 + 3 : 6.0122505169039515
0 0 0 8 = 6 + 2 : 6.07846115144969
0 0 0 8 = 7 + 1 : 5.997344201491798
0 0 0 8 = 8 + 0 : 4.180434646241883
0 0 0 8 = 8 - 0 : 4.186947744880373
0 0 0 8 = 8 * 1 : 5.217850132936822
0 0 0 8 = 8 / 1 : 5.14882574941071
0 0 0 8 = 9 - 1 : 5.990987890775699
0 0 0 9 0 = 9 0 : 3.798538670953509
0 0 0 9 1 = 9 1 : 5.809101327009447
0 0 0 9 2 = 9 2 : 5.682064269657772
0 0 0 9 3 = 9 3 : 5.555091284092446
0 0 0 9 4 = 9 4 : 5.580988171932678
0 0 0 9 5 = 9 5 : 5.4553945040950245
0 0 0 9 6 = 9 6 : 5.5048753338044
0 0 0 9 7 = 9 7 : 5.41068690107413
0 0 0 9 8 = 9 8 : 5.450089778815338
0 0 0 9 9 = 9 9 : 4.155858832405379
0 0 0 9 + 0 = 9 : 4.640834143239206
0 0 0 9 - 0 = 9 : 4.803433649954391
0 0 0 9 - 1 = 8 : 6.681164417974219
0 0 0 9 - 2 = 7 : 6.659893317445465
0 0 0 9 - 3 = 6 : 6.670602080919016
0 0 0 9 - 4 = 5 : 6.61434656131651
0 0 0 9 - 5 = 4 : 6.619131863047016
0 0 0 9 - 6 = 3 : 6.632470059538331
0 0 0 9 - 7 = 2 : 6.6446263120994065
0 0 0 9 - 8 = 1 : 6.606569673096995
0 0 0 9 - 9 = 0 : 4.714018565118483
0 0 0 9 * 0 = 0 : 4.200738675069925
0 0 0 9 * 1 = 9 : 5.74795823748867
0 0 0 9 / 1 = 9 : 5.562134476170886
0 0 0 9 / 3 = 3 : 5.636364249633722
0 0 0 9 / 9 = 1 : 5.5171936169812295
0 0 0 9 = 0 0 9 : 3.2649620285771914
0 0 0 9 = 0 + 9 : 4.131728763822877
0 0 0 9 = 1 + 8 : 5.934317269566846
0 0 0 9 = 1 * 9 : 5.058092540831381
0 0 0 9 = 2 + 7 : 5.962770742295022
0 0 0 9 = 3 + 6 : 5.986661669529565
0 0 0 9 = 3 * 3 : 5.187777232242628
0 0 0 9 = 4 + 5 : 5.945199829047719
0 0 0 9 = 5 + 4 : 5.957597675339355
0 0 0 9 = 6 + 3 : 5.962889130901331
0 0 0 9 = 7 + 2 : 5.981471009269782
0 0 0 9 = 8 + 1 : 5.938807461764383
0 0 0 9 = 9 + 0 : 4.079641521354061
0 0 0 9 = 9 - 0 : 4.08966547629494
0 0 0 9 = 9 * 1 : 5.105734631849817
0 0 0 9 = 9 / 1 : 5.048287889592224
0 0 0 + 0 0 = 0 : 3.3812169123158355
0 0 0 + 0 1 = 1 : 5.325854695312858
0 0 0 + 0 2 = 2 : 5.242491437254601
0 0 0 + 0 3 = 3 : 5.093129563970675
0 0 0 + 0 4 = 4 : 5.137209452077236
0 0 0 + 0 5 = 5 : 5.0056048895410665
0 0 0 + 0 6 = 6 : 5.05292238134781
0 0 0 + 0 7 = 7 : 4.941874868389269
0 0 0 + 0 8 = 8 : 5.00619002282739
0 0 0 + 0 9 = 9 : 4.91847022761073
0 0 0 + 0 = 0 0 : 3.392223814832811
0 0 0 + 1 = 0 1 : 5.384786119985489
0 0 0 + 2 = 0 2 : 5.294283173988479
0 0 0 + 3 = 0 3 : 5.156307424910506
0 0 0 + 4 = 0 4 : 5.190300017836455
0 0 0 + 5 = 0 5 : 5.057282120736901
0 0 0 + 6 = 0 6 : 5.111932201492397
0 0 0 + 7 = 0 7 : 5.011593884184179
0 0 0 + 8 = 0 8 : 5.064740459088211
0 0 0 + 9 = 0 9 : 4.995472494427136
0 0 0 - 0 0 = 0 : 3.375800458005083
0 0 0 - 0 = 0 0 : 3.4669492715047223
0 0 0 * 0 0 = 0 : 3.259848213817052
0 0 0 * 0 1 = 0 : 4.364505892313737
0 0 0 * 0 2 = 0 : 4.405693533391226
0 0 0 * 0 3 = 0 : 4.370488463111853
0 0 0 * 0 4 = 0 : 4.381224225621989
0 0 0 * 0 5 = 0 : 4.327188639621059
0 0 0 * 0 6 = 0 : 4.359440138913728
0 0 0 * 0 7 = 0 : 4.317473135680559
0 0 0 * 0 8 = 0 : 4.340727760288474
0 0 0 * 0 9 = 0 : 4.299584516376138
0 0 0 * 0 = 0 0 : 3.239011457953993
0 0 0 * 1 0 = 0 : 4.521912246789205
0 0 0 * 1 1 = 0 : 5.204955847745215
0 0 0 * 1 2 = 0 : 5.644613446041356
0 0 0 * 1 3 = 0 : 5.63181373213333
0 0 0 * 1 4 = 0 : 5.641794890538948
0 0 0 * 1 5 = 0 : 5.58811390256857
0 0 0 * 1 6 = 0 : 5.62607968385914
0 0 0 * 1 7 = 0 : 5.581709046440931
0 0 0 * 1 8 = 0 : 5.604885856739685
0 0 0 * 1 9 = 0 : 5.5615782481632206
0 0 0 * 1 = 0 0 : 4.528901371210709
0 0 0 * 2 0 = 0 : 4.520194977486696
0 0 0 * 2 1 = 0 : 5.604457155521272
0 0 0 * 2 2 = 0 : 5.061078996211124
0 0 0 * 2 3 = 0 : 5.615808005946539
0 0 0 * 2 4 = 0 : 5.633810902982708
0 0 0 * 2 5 = 0 : 5.57053151963637
0 0 0 * 2 6 = 0 : 5.6067317486577775
0 0 0 * 2 7 = 0 : 5.572598158576703
0 0 0 * 2 8 = 0 : 5.591404870599593
0 0 0 * 2 9 = 0 : 5.55358307084509
0 0 0 * 2 = 0 0 : 4.514327295132769
0 0 0 * 3 0 = 0 : 4.493633290967294
0 0 0 * 3 1 = 0 : 5.602652990452425
0 0 0 * 3 2 = 0 : 5.621654320078276
0 0 0 * 3 3 = 0 : 4.941295752556079
0 0 0 * 3 4 = 0 : 5.600412501006577
0 0 0 * 3 5 = 0 : 5.555086602654599
0 0 0 * 3 6 = 0 : 5.578401254080689
0 0 0 * 3 7 = 0 : 5.540103215453958
0 0 0 * 3 8 = 0 : 5.564102418363077
0 0 0 * 3 9 = 0 : 5.534899231131787
0 0 0 * 3 = 0 0 : 4.487872421154619
0 0 0 * 4 0 = 0 : 4.4952662046838885
0 0 0 * 4 1 = 0 : 5.603837185170513
0 0 0 * 4 2 = 0 : 5.632967828436316
0 0 0 * 4 3 = 0 : 5.589875174161693
0 0 0 * 4 4 = 0 : 4.961826341809809
0 0 0 * 4 5 = 0 : 5.549658610742906
0 0 0 * 4 6 = 0 : 5.5834339500520285
0 0 0 * 4 7 = 0 : 5.542708051492173
0 0 0 * 4 8 = 0 : 5.567796514683316
0 0 0 * 4 9 = 0 : 5.5310651177480095
0 0 0 * 4 = 0 0 : 4.488495989934525
0 0 0 * 5 0 = 0 : 4.447819584658022
0 0 0 * 5 1 = 0 : 5.557720578480143
0 0 0 * 5 2 = 0 : 5.575736164017164
0 0 0 * 5 3 = 0 : 5.552373982315075
0 0 0 * 5 4 = 0 : 5.556419975647301
0 0 0 * 5 5 = 0 : 4.846911684315475
0 0 0 * 5 6 = 0 : 5.531642450767194
0 0 0 * 5 7 = 0 : 5.4970159268349255
0 0 0 * 5 8 = 0 : 5.516235821749172
0 0 0 * 5 9 = 0 : 5.487048416030087
0 0 0 * 5 = 0 0 : 4.433319410002223
0 0 0 * 6 0 = 0 : 4.474967462943347
0 0 0 * 6 1 = 0 : 5.589731780388196
0 0 0 * 6 2 = 0 : 5.607347383990484
0 0 0 * 6 3 = 0 : 5.570229827757836
0 0 0 * 6 4 = 0 : 5.584458342606399
0 0 0 * 6 5 = 0 : 5.523607430659861
0 0 0 * 6 6 = 0 : 4.87978879192896
0 0 0 * 6 7 = 0 : 5.5189133272663815
0 0 0 * 6 8 = 0 : 5.548605721050277
0 0 0 * 6 9 = 0 : 5.51321122371232
0 0 0 * 6 = 0 0 : 4.466209109249879
0 0 0 * 7 0 = 0 : 4.435572014452774
0 0 0 * 7 1 = 0 : 5.547945045993859
0 0 0 * 7 2 = 0 : 5.575502578867061
0 0 0 * 7 3 = 0 : 5.535126683875964
0 0 0 * 7 4 = 0 : 5.545972770311744
0 0 0 * 7 5 = 0 : 5.4938195093419555
0 0 0 * 7 6 = 0 : 5.518757375013234
0 0 0 * 7 7 = 0 : 4.792582506413218
0 0 0 * 7 8 = 0 : 5.504360592173452
0 0 0 * 7 9 = 0 : 5.476357703760092
0 0 0 * 7 = 0 0 : 4.427976888124756
0 0 0 * 8 0 = 0 : 4.449979105163303
0 0 0 * 8 1 = 0 : 5.561508916464426
0 0 0 * 8 2 = 0 : 5.586392099568898
0 0 0 * 8 3 = 0 : 5.54963857045111
0 0 0 * 8 4 = 0 : 5.561552178310186
0 0 0 * 8 5 = 0 : 5.502726332612715
0 0 0 * 8 6 = 0 : 5.542383756787139
0 0 0 * 8 7 = 0 : 5.492874903860595
0 0 0 * 8 8 = 0 : 4.830027363526272
0 0 0 * 8 9 = 0 : 5.484036592115951
0 0 0 * 8 = 0 0 : 4.440103121689486
0 0 0 * 9 0 = 0 : 4.430505828597584
0 0 0 * 9 1 = 0 : 5.526813545186934
0 0 0 * 9 2 = 0 : 5.563171765349362
0 0 0 * 9 3 = 0 : 5.535617257330576
0 0 0 * 9 4 = 0 : 5.540542289309058
0 0 0 * 9 5 = 0 : 5.489504397599173
0 0 0 * 9 6 = 0 : 5.521208054176465
0 0 0 * 9 7 = 0 : 5.479723115539715
0 0 0 * 9 8 = 0 : 5.4964595761252735
0 0 0 * 9 9 = 0 : 4.77558112228831
0 0 0 * 9 = 0 0 : 4.415546705521349
0 0 0 / 0 1 = 0 : 4.084163411726792
0 0 0 / 0 2 = 0 : 4.10328413880974
0 0 0 / 0 3 = 0 : 4.063763403998537
0 0 0 / 0 4 = 0 : 4.065395365337337
0 0 0 / 0 5 = 0 : 4.007451535589112
0 0 0 / 0 6 = 0 : 4.036248088961184
0 0 0 / 0 7 = 0 : 3.993688427990945
0 0 0 / 0 8 = 0 : 4.013750012224934
0 0 0 / 0 9 = 0 : 3.9776621993218755
0 0 0 / 1 0 = 0 : 4.169676368070722
0 0 0 / 1 1 = 0 : 4.889463700211645
0 0 0 / 1 2 = 0 : 5.327521387880883
0 0 0 / 1 3 = 0 : 5.303674450209862
0 0 0 / 1 4 = 0 : 5.30453076372909
0 0 0 / 1 5 = 0 : 5.246533242816354
0 0 0 / 1 6 = 0 : 5.279348672208138
0 0 0 / 1 7 = 0 : 5.235280151315502
0 0 0 / 1 8 = 0 : 5.2535918909686306
0 0 0 / 1 9 = 0 : 5.214770040463164
0 0 0 / 1 = 0 0 : 4.320507019871164
0 0 0 / 2 0 = 0 : 4.171931951711747
0 0 0 / 2 1 = 0 : 5.3071974517103
0 0 0 / 2 2 = 0 : 4.746022036492784
0 0 0 / 2 3 = 0 : 5.2926902030210385
0 0 0 / 2 4 = 0 : 5.300593378710318
0 0 0 / 2 5 = 0 : 5.234584529134364
0 0 0 / 2 6 = 0 : 5.266754133832952
0 0 0 / 2 7 = 0 : 5.232111474046263
0 0 0 / 2 8 = 0 : 5.246852753075016
0 0 0 / 2 9 = 0 : 5.210175774528294
0 0 0 / 2 = 0 0 : 4.3047838375173475
0 0 0 / 3 0 = 0 : 4.143798258999113
0 0 0 / 3 1 = 0 : 5.2984779985791475
0 0 0 / 3 2 = 0 : 5.303049537567806
0 0 0 / 3 3 = 0 : 4.616134369080458
0 0 0 / 3 4 = 0 : 5.265915926716378
0 0 0 / 3 5 = 0 : 5.217429169577471
0 0 0 / 3 6 = 0 : 5.236578340354631
0 0 0 / 3 7 = 0 : 5.197743871842993
0 0 0 / 3 8 = 0 : 5.218895853327262
0 0 0 / 3 9 = 0 : 5.188516712004101
0 0 0 / 3 = 0 0 : 4.2758002767444
0 0 0 / 4 0 = 0 : 4.142126218747451
0 0 0 / 4 1 = 0 : 5.2975129302593
0 0 0 / 4 2 = 0 : 5.309836489556907
0 0 0 / 4 3 = 0 : 5.262859547589526
0 0 0 / 4 4 = 0 : 4.626795780763023
0 0 0 / 4 5 = 0 : 5.208524431292511
0 0 0 / 4 6 = 0 : 5.237726287322881
0 0 0 / 4 7 = 0 : 5.196550085274479
0 0 0 / 4 8 = 0 : 5.217977135817782
0 0 0 / 4 9 = 0 : 5.182250796994659
0 0 0 / 4 = 0 0 : 4.273252927231612
0 0 0 / 5 0 = 0 : 4.0913731999757825
0 0 0 / 5 1 = 0 : 5.24526303757973
0 0 0 / 5 2 = 0 : 5.248299983815447
0 0 0 / 5 3 = 0 : 5.221497389532352
0 0 0 / 5 4 = 0 : 5.215389423174672
0 0 0 / 5 5 = 0 : 4.498166973056788
0 0 0 / 5 6 = 0 : 5.18444756992646
0 0 0 / 5 7 = 0 : 5.1472295904861936
0 0 0 / 5 8 = 0 : 5.1644238223423
0 0 0 / 5 9 = 0 : 5.134792635220748
0 0 0 / 5 = 0 0 : 4.210371888492052
0 0 0 / 6 0 = 0 : 4.120177577136262
0 0 0 / 6 1 = 0 : 5.281329140422618
0 0 0 / 6 2 = 0 : 5.283097501638247
0 0 0 / 6 3 = 0 : 5.2415584637412875
0 0 0 / 6 4 = 0 : 5.245272867931504
0 0 0 / 6 5 = 0 : 5.182779758313403
0 0 0 / 6 6 = 0 : 4.534676032939368
0 0 0 / 6 7 = 0 : 5.171376616542318
0 0 0 / 6 8 = 0 : 5.196883511786766
0 0 0 / 6 9 = 0 : 5.161878258608752
0 0 0 / 6 = 0 0 : 4.24958705312509
0 0 0 / 7 0 = 0 : 4.081563382611125
0 0 0 / 7 1 = 0 : 5.242325972495886
0 0 0 / 7 2 = 0 : 5.251136330486183
0 0 0 / 7 3 = 0 : 5.207719473856956
0 0 0 / 7 4 = 0 : 5.207981111230467
0 0 0 / 7 5 = 0 : 5.151713141731958
0 0 0 / 7 6 = 0 : 5.172596537487452
0 0 0 / 7 7 = 0 : 4.444235065978912
0 0 0 / 7 8 = 0 : 5.153944123283839
0 0 0 / 7 9 = 0 : 5.126348916443697
0 0 0 / 7 = 0 0 : 4.21068641859395
0 0 0 / 8 0 = 0 : 4.095029809532919
0 0 0 / 8 1 = 0 : 5.254444640483298
0 0 0 / 8 2 = 0 : 5.261001004098332
0 0 0 / 8 3 = 0 : 5.220958073930826
0 0 0 / 8 4 = 0 : 5.221933468314103
0 0 0 / 8 5 = 0 : 5.161370232883276
0 0 0 / 8 6 = 0 : 5.195268875421594
0 0 0 / 8 7 = 0 : 5.144749869195423
0 0 0 / 8 8 = 0 : 4.479536217313707
0 0 0 / 8 9 = 0 : 5.132226022986297
0 0 0 / 8 = 0 0 : 4.221789060451916
0 0 0 / 9 0 = 0 : 4.073728405355412
0 0 0 / 9 1 = 0 : 5.225343234513453
0 0 0 / 9 2 = 0 : 5.2372723923419215
0 0 0 / 9 3 = 0 : 5.204505627880474
0 0 0 / 9 4 = 0 : 5.200272061275235
0 0 0 / 9 5 = 0 : 5.145947944320556
0 0 0 / 9 6 = 0 : 5.172711893174568
0 0 0 / 9 7 = 0 : 5.130871233105811
0 0 0 / 9 8 = 0 : 5.144241071717264
0 0 0 / 9 9 = 0 : 4.42030378556429
0 0 0 / 9 = 0 0 : 4.200180252289021
0 0 0 = 0 0 0 0 : 1.4377147167093478
0 0 0 = 0 0 + 0 : 2.358580599855038
0 0 0 = 0 0 - 0 : 2.3722456946839783
0 0 0 = 0 0 * 0 : 2.2518910551023446
0 0 0 = 0 0 * 1 : 3.5068859939875145
0 0 0 = 0 0 * 2 : 3.5514943890743935
0 0 0 = 0 0 * 3 : 3.5051844406373602
0 0 0 = 0 0 * 4 : 3.5320744162460604
0 0 0 = 0 0 * 5 : 3.479877041854097
0 0 0 = 0 0 * 6 : 3.51646329452609
0 0 0 = 0 0 * 7 : 3.461635561641303
0 0 0 = 0 0 * 8 : 3.5033609687119314
0 0 0 = 0 0 * 9 : 3.4580714902610756
0 0 0 = 0 0 / 1 : 3.3921546339298794
0 0 0 = 0 0 / 2 : 3.4282434719284636
0 0 0 = 0 0 / 3 : 3.3803635095131526
0 0 0 = 0 0 / 4 : 3.4091432824394805
0 0 0 = 0 0 / 5 : 3.3455835885476186
0 0 0 = 0 0 / 6 : 3.392429059735087
0 0 0 = 0 0 / 7 : 3.3347044086852313
0 0 0 = 0 0 / 8 : 3.37988200769569
0 0 0 = 0 0 / 9 : 3.3331979106515446
0 0 0 = 0 1 - 1 : 4.33682240595206
0 0 0 = 0 1 * 0 : 3.4222016079421462
0 0 0 = 0 2 - 2 : 4.234812730351768
0 0 0 = 0 2 * 0 : 3.441105714271017
0 0 0 = 0 3 - 3 : 4.09679501605554
0 0 0 = 0 3 * 0 : 3.41283148760243
0 0 0 = 0 4 - 4 : 4.134655571245574
0 0 0 = 0 4 * 0 : 3.4159262036770683
0 0 0 = 0 5 - 5 : 4.012840214577212
0 0 0 = 0 5 * 0 : 3.3704230305658704
0 0 0 = 0 6 - 6 : 4.053992469941949
0 0 0 = 0 6 * 0 : 3.3963044050682605
0 0 0 = 0 7 - 7 : 3.9498381453824303
0 0 0 = 0 7 * 0 : 3.359362759627911
0 0 0 = 0 8 - 8 : 4.011546894722688
0 0 0 = 0 8 * 0 : 3.3801787214850716
0 0 0 = 0 9 - 9 : 3.943246976544894
0 0 0 = 0 9 * 0 : 3.3509090090123452
0 0 0 = 0 + 0 0 : 2.3613977889650593
0 0 0 = 0 - 0 0 : 2.369164153206998
0 0 0 = 0 * 0 0 : 2.2543830573010872
0 0 0 = 0 * 0 1 : 3.5044954095388374
0 0 0 = 0 * 0 2 : 3.548698775041028
0 0 0 = 0 * 0 3 : 3.5026299504175626
0 0 0 = 0 * 0 4 : 3.528472133532172
0 0 0 = 0 * 0 5 : 3.476944607295197
0 0 0 = 0 * 0 6 : 3.515603734294764
0 0 0 = 0 * 0 7 : 3.4598692704658482
0 0 0 = 0 * 0 8 : 3.5008085938342584
0 0 0 = 0 * 0 9 : 3.4508653273127594
0 0 0 = 0 * 1 0 : 3.6240342359194
0 0 0 = 0 * 1 1 : 4.408097259221521
0 0 0 = 0 * 1 2 : 4.8878787301997955
0 0 0 = 0 * 1 3 : 4.863863711974385
0 0 0 = 0 * 1 4 : 4.8898919383334
0 0 0 = 0 * 1 5 : 4.838297845253094
0 0 0 = 0 * 1 6 : 4.879192407285828
0 0 0 = 0 * 1 7 : 4.822630931940127
0 0 0 = 0 * 1 8 : 4.865108110287917
0 0 0 = 0 * 1 9 : 4.812432448241228
0 0 0 = 0 * 2 0 : 3.5466415151430883
0 0 0 = 0 * 2 1 : 4.745501802091641
0 0 0 = 0 * 2 2 : 4.202361340184968
0 0 0 = 0 * 2 3 : 4.770672447757773
0 0 0 = 0 * 2 4 : 4.805174264377102
0 0 0 = 0 * 2 5 : 4.743445386538473
0 0 0 = 0 * 2 6 : 4.784812598980744
0 0 0 = 0 * 2 7 : 4.735433869894433
0 0 0 = 0 * 2 8 : 4.773531400321022
0 0 0 = 0 * 2 9 : 4.723627078980108
0 0 0 = 0 * 3 0 : 3.4966921554537507
0 0 0 = 0 * 3 1 : 4.7197411134642895
0 0 0 = 0 * 3 2 : 4.763748072484131
0 0 0 = 0 * 3 3 : 4.04674053102198
0 0 0 = 0 * 3 4 : 4.7478421863575315
0 0 0 = 0 * 3 5 : 4.704864529419551
0 0 0 = 0 * 3 6 : 4.730389151086357
0 0 0 = 0 * 3 7 : 4.679482395898257
0 0 0 = 0 * 3 8 : 4.72127345414277
0 0 0 = 0 * 3 9 : 4.680572525434189
0 0 0 = 0 * 4 0 : 3.493511426420937
0 0 0 = 0 * 4 1 : 4.719577999583588
0 0 0 = 0 * 4 2 : 4.768064298776981
0 0 0 = 0 * 4 3 : 4.715838403861398
0 0 0 = 0 * 4 4 : 4.077953287442313
0 0 0 = 0 * 4 5 : 4.692102194334572
0 0 0 = 0 * 4 6 : 4.731691384412393
0 0 0 = 0 * 4 7 : 4.676386456450728
0 0 0 = 0 * 4 8 : 4.719845444580261
0 0 0 = 0 * 4 9 : 4.672786681014014
0 0 0 = 0 * 5 0 : 3.448233374648148
0 0 0 = 0 * 5 1 : 4.674824652627052
0 0 0 = 0 * 5 2 : 4.714703441763095
0 0 0 = 0 * 5 3 : 4.6759341955181535
0 0 0 = 0 * 5 4 : 4.6984113074822105
0 0 0 = 0 * 5 5 : 3.9610393285042367
0 0 0 = 0 * 5 6 : 4.67890652438891
0 0 0 = 0 * 5 7 : 4.6309714640940225
0 0 0 = 0 * 5 8 : 4.669143271783698
0 0 0 = 0 * 5 9 : 4.627995872610922
0 0 0 = 0 * 6 0 : 3.4634212836316722
0 0 0 = 0 * 6 1 : 4.693288418691253
0 0 0 = 0 * 6 2 : 4.73360908246475
0 0 0 = 0 * 6 3 : 4.684397529957027
0 0 0 = 0 * 6 4 : 4.714456861369041
0 0 0 = 0 * 6 5 : 4.659022666745712
0 0 0 = 0 * 6 6 : 3.9922122212600577
0 0 0 = 0 * 6 7 : 4.640667639720512
0 0 0 = 0 * 6 8 : 4.690438249459823
0 0 0 = 0 * 6 9 : 4.643441031850192
0 0 0 = 0 * 7 0 : 3.4249354386752726
0 0 0 = 0 * 7 1 : 4.652287255047371
0 0 0 = 0 * 7 2 : 4.699684352061596
0 0 0 = 0 * 7 3 : 4.649988908483279
0 0 0 = 0 * 7 4 : 4.676549746714658
0 0 0 = 0 * 7 5 : 4.626027650382509
0 0 0 = 0 * 7 6 : 4.659000010396773
0 0 0 = 0 * 7 7 : 3.888300335078644
0 0 0 = 0 * 7 8 : 4.6450638775090995
0 0 0 = 0 * 7 9 : 4.605582871236739
0 0 0 = 0 * 8 0 : 3.434283489891866
0 0 0 = 0 * 8 1 : 4.661282497001449
0 0 0 = 0 * 8 2 : 4.708374123495096
0 0 0 = 0 * 8 3 : 4.659377188936589
0 0 0 = 0 * 8 4 : 4.687464546928483
0 0 0 = 0 * 8 5 : 4.630957691705171
0 0 0 = 0 * 8 6 : 4.674557297647277
0 0 0 = 0 * 8 7 : 4.614073798866499
0 0 0 = 0 * 8 8 : 3.94000649112963
0 0 0 = 0 * 8 9 : 4.608435874871537
0 0 0 = 0 * 9 0 : 3.4141635067696026
0 0 0 = 0 * 9 1 : 4.634560397908641
0 0 0 = 0 * 9 2 : 4.683070137171045
0 0 0 = 0 * 9 3 : 4.6439606573616175
0 0 0 = 0 * 9 4 : 4.666404427240634
0 0 0 = 0 * 9 5 : 4.615751654027348
0 0 0 = 0 * 9 6 : 4.653180729131644
0 0 0 = 0 * 9 7 : 4.60077404135598
0 0 0 = 0 * 9 8 : 4.636605958566552
0 0 0 = 0 * 9 9 : 3.8758688386983
0 0 0 = 0 / 0 1 : 3.3900476963457806
0 0 0 = 0 / 0 2 : 3.4267751119761254
0 0 0 = 0 / 0 3 : 3.379294254388631
0 0 0 = 0 / 0 4 : 3.406202307879475
0 0 0 = 0 / 0 5 : 3.3466035214829026
0 0 0 = 0 / 0 6 : 3.392812954549743
0 0 0 = 0 / 0 7 : 3.3352599813599775
0 0 0 = 0 / 0 8 : 3.3785357535003233
0 0 0 = 0 / 0 9 : 3.3326212392442116
0 0 0 = 0 / 1 0 : 3.491741421536411
0 0 0 = 0 / 1 1 : 4.2819955893284956
0 0 0 = 0 / 1 2 : 4.768061661014904
0 0 0 = 0 / 1 3 : 4.736502593275984
0 0 0 = 0 / 1 4 : 4.7637101163738045
0 0 0 = 0 / 1 5 : 4.70328229368109
0 0 0 = 0 / 1 6 : 4.752861066927149
0 0 0 = 0 / 1 7 : 4.694129929182811
0 0 0 = 0 / 1 8 : 4.739157717051395
0 0 0 = 0 / 1 9 : 4.685513532342868
0 0 0 = 0 / 2 0 : 3.4104558547790376
0 0 0 = 0 / 2 1 : 4.626044754605654
0 0 0 = 0 / 2 2 : 4.071047928344841
0 0 0 = 0 / 2 3 : 4.637533695512042
0 0 0 = 0 / 2 4 : 4.673093946244497
0 0 0 = 0 / 2 5 : 4.602546106849356
0 0 0 = 0 / 2 6 : 4.65217465682765
0 0 0 = 0 / 2 7 : 4.600849961490038
0 0 0 = 0 / 2 8 : 4.642355662171312
0 0 0 = 0 / 2 9 : 4.5918863778863335
0 0 0 = 0 / 3 0 : 3.3626407932178606
0 0 0 = 0 / 3 1 : 4.597804111241489
0 0 0 = 0 / 3 2 : 4.635043909322562
0 0 0 = 0 / 3 3 : 3.914671655361147
0 0 0 = 0 / 3 4 : 4.617586711196898
0 0 0 = 0 / 3 5 : 4.565987022221064
0 0 0 = 0 / 3 6 : 4.599495540567497
0 0 0 = 0 / 3 7 : 4.54741954101668
0 0 0 = 0 / 3 8 : 4.591152790051707
0 0 0 = 0 / 3 9 : 4.5488005780870235
0 0 0 = 0 / 4 0 : 3.3576313007939187
0 0 0 = 0 / 4 1 : 4.594687683628139
0 0 0 = 0 / 4 2 : 4.639254766476719
0 0 0 = 0 / 4 3 : 4.582722406185712
0 0 0 = 0 / 4 4 : 3.946764557557817
0 0 0 = 0 / 4 5 : 4.552148930468464
0 0 0 = 0 / 4 6 : 4.599489153590293
0 0 0 = 0 / 4 7 : 4.541434836892428
0 0 0 = 0 / 4 8 : 4.586832124132923
0 0 0 = 0 / 4 9 : 4.539740624720642
0 0 0 = 0 / 5 0 : 3.306590242780046
0 0 0 = 0 / 5 1 : 4.547389495969791
0 0 0 = 0 / 5 2 : 4.578466049189104
0 0 0 = 0 / 5 3 : 4.541288192615152
0 0 0 = 0 / 5 4 : 4.563561580288081
0 0 0 = 0 / 5 5 : 3.818076842060172
0 0 0 = 0 / 5 6 : 4.544257164427095
0 0 0 = 0 / 5 7 : 4.492252972226223
0 0 0 = 0 / 5 8 : 4.533551336805257
0 0 0 = 0 / 5 9 : 4.491997145953024
0 0 0 = 0 / 6 0 : 3.328868903047112
0 0 0 = 0 / 6 1 : 4.5705258746637805
0 0 0 = 0 / 6 2 : 4.60359145605176
0 0 0 = 0 / 6 3 : 4.55323894626019
0 0 0 = 0 / 6 4 : 4.585766145117654
0 0 0 = 0 / 6 5 : 4.521529221323916
0 0 0 = 0 / 6 6 : 3.8608405772090664
0 0 0 = 0 / 6 7 : 4.508502276154905
0 0 0 = 0 / 6 8 : 4.560178392167565
0 0 0 = 0 / 6 9 : 4.513163106205532
0 0 0 = 0 / 7 0 : 3.2920360738269765
0 0 0 = 0 / 7 1 : 4.533298995141319
0 0 0 = 0 / 7 2 : 4.5723159804697495
0 0 0 = 0 / 7 3 : 4.52130994865704
0 0 0 = 0 / 7 4 : 4.5484329120177796
0 0 0 = 0 / 7 5 : 4.489631193118084
0 0 0 = 0 / 7 6 : 4.529542212171147
0 0 0 = 0 / 7 7 : 3.7578270994950085
0 0 0 = 0 / 7 8 : 4.517239665670617
0 0 0 = 0 / 7 9 : 4.479490957577514
0 0 0 = 0 / 8 0 : 3.302833592779295
0 0 0 = 0 / 8 1 : 4.541635079686911
0 0 0 = 0 / 8 2 : 4.581737108366153
0 0 0 = 0 / 8 3 : 4.531275893907576
0 0 0 = 0 / 8 4 : 4.5608797745363
0 0 0 = 0 / 8 5 : 4.496745966264269
0 0 0 = 0 / 8 6 : 4.547254922761595
0 0 0 = 0 / 8 7 : 4.483912586096175
0 0 0 = 0 / 8 8 : 3.8123578690994084
0 0 0 = 0 / 8 9 : 4.481600749575364
0 0 0 = 0 / 9 0 : 3.2855245873494288
0 0 0 = 0 / 9 1 : 4.522583030986996
0 0 0 = 0 / 9 2 : 4.560362619185136
0 0 0 = 0 / 9 3 : 4.51803452274274
0 0 0 = 0 / 9 4 : 4.544012456867701
0 0 0 = 0 / 9 5 : 4.485644979643993
0 0 0 = 0 / 9 6 : 4.529666866895486
0 0 0 = 0 / 9 7 : 4.475955698483305
0 0 0 = 0 / 9 8 : 4.5128590772879
0 0 0 = 0 / 9 9 : 3.753490908015235
0 0 0 = 1 0 * 0 : 3.509428451910279
0 0 0 = 1 1 * 0 : 4.250369334226012
0 0 0 = 1 2 * 0 : 4.686069551717399
0 0 0 = 1 3 * 0 : 4.675350671089659
0 0 0 = 1 4 * 0 : 4.680052217824786
0 0 0 = 1 5 * 0 : 4.637705264093738
0 0 0 = 1 6 * 0 : 4.665142523533835
0 0 0 = 1 7 * 0 : 4.623727359754037
0 0 0 = 1 8 * 0 : 4.645679501538
0 0 0 = 1 9 * 0 : 4.610398127675453
0 0 0 = 1 - 0 1 : 4.373547858008476
0 0 0 = 1 * 0 0 : 3.5307042622843343
0 0 0 = 2 0 * 0 : 3.5105939123479897
0 0 0 = 2 1 * 0 : 4.653395616678851
0 0 0 = 2 2 * 0 : 4.088590710719257
0 0 0 = 2 3 * 0 : 4.652645998852169
0 0 0 = 2 4 * 0 : 4.664119200904299
0 0 0 = 2 5 * 0 : 4.6121610734049785
0 0 0 = 2 6 * 0 : 4.639479666469198
0 0 0 = 2 7 * 0 : 4.608676127360571
0 0 0 = 2 8 * 0 : 4.62499923721001
0 0 0 = 2 9 * 0 : 4.593195287959766
0 0 0 = 2 - 0 2 : 4.233002681845098
0 0 0 = 2 * 0 0 : 3.5138009181368712
0 0 0 = 3 0 * 0 : 3.485751928649115
0 0 0 = 3 1 * 0 : 4.647251459931304
0 0 0 = 3 2 * 0 : 4.655126522052199
0 0 0 = 3 3 * 0 : 3.972010612030204
0 0 0 = 3 4 * 0 : 4.631846517529382
0 0 0 = 3 5 * 0 : 4.59736562370586
0 0 0 = 3 6 * 0 : 4.612529241737535
0 0 0 = 3 7 * 0 : 4.5772487703636795
0 0 0 = 3 8 * 0 : 4.59893562091908
0 0 0 = 3 9 * 0 : 4.575653464008352
0 0 0 = 3 - 0 3 : 4.099984800479988
0 0 0 = 3 * 0 0 : 3.488433288689045
0 0 0 = 4 0 * 0 : 3.4850174142429524
0 0 0 = 4 1 * 0 : 4.647317117783243
0 0 0 = 4 2 * 0 : 4.662779223948786
0 0 0 = 4 3 * 0 : 4.6268019878995466
0 0 0 = 4 4 * 0 : 3.987044792455628
0 0 0 = 4 5 * 0 : 4.589943145841692
0 0 0 = 4 6 * 0 : 4.614316816542574
0 0 0 = 4 7 * 0 : 4.577437433632558
0 0 0 = 4 8 * 0 : 4.601137747420897
0 0 0 = 4 9 * 0 : 4.5698573232046185
0 0 0 = 4 - 0 4 : 4.135998282987968
0 0 0 = 4 * 0 0 : 3.487832515430645
0 0 0 = 5 0 * 0 : 3.4456657951327845
0 0 0 = 5 1 * 0 : 4.604466965925765
0 0 0 = 5 2 * 0 : 4.610937302394357
0 0 0 = 5 3 * 0 : 4.593749855971085
0 0 0 = 5 4 * 0 : 4.5915817217177315
0 0 0 = 5 5 * 0 : 3.887042263449103
0 0 0 = 5 6 * 0 : 4.569682490293702
0 0 0 = 5 7 * 0 : 4.538232075709057
0 0 0 = 5 8 * 0 : 4.5563148256096575
0 0 0 = 5 9 * 0 : 4.532363571309928
0 0 0 = 5 - 0 5 : 4.014895732497866
0 0 0 = 5 * 0 0 : 3.4470562121851143
0 0 0 = 6 0 * 0 : 3.466743159643523
0 0 0 = 6 1 * 0 : 4.63244882931847
0 0 0 = 6 2 * 0 : 4.6376640101313615
0 0 0 = 6 3 * 0 : 4.608298193409489
0 0 0 = 6 4 * 0 : 4.614252881579818
0 0 0 = 6 5 * 0 : 4.566181810265057
0 0 0 = 6 6 * 0 : 3.9071976115133005
0 0 0 = 6 7 * 0 : 4.554835412372257
0 0 0 = 6 8 * 0 : 4.582923970601613
0 0 0 = 6 9 * 0 : 4.553915721057464
0 0 0 = 6 - 0 6 : 4.058178336346725
0 0 0 = 6 * 0 0 : 3.469058034824498
0 0 0 = 7 0 * 0 : 3.4309594688661527
0 0 0 = 7 1 * 0 : 4.593410517506891
0 0 0 = 7 2 * 0 : 4.60875919919671
0 0 0 = 7 3 * 0 : 4.574086947346832
0 0 0 = 7 4 * 0 : 4.578150365959207
0 0 0 = 7 5 * 0 : 4.5375111564268495
0 0 0 = 7 6 * 0 : 4.555945534544784
0 0 0 = 7 7 * 0 : 3.8244218011254985
0 0 0 = 7 8 * 0 : 4.541560864842218
0 0 0 = 7 9 * 0 : 4.520409964702905
0 0 0 = 7 - 0 7 : 3.958609969477593
0 0 0 = 7 * 0 0 : 3.432891175230682
0 0 0 = 8 0 * 0 : 3.446133695243604
0 0 0 = 8 1 * 0 : 4.609765662965958
0 0 0 = 8 2 * 0 : 4.618954856099271
0 0 0 = 8 3 * 0 : 4.5889420683758555
0 0 0 = 8 4 * 0 : 4.594719614077386
0 0 0 = 8 5 * 0 : 4.548328888840257
0 0 0 = 8 6 * 0 : 4.578140077640595
0 0 0 = 8 7 * 0 : 4.535024363839989
0 0 0 = 8 8 * 0 : 3.8644989107648664
0 0 0 = 8 9 * 0 : 4.528471779065203
0 0 0 = 8 - 0 8 : 4.014717074413329
0 0 0 = 8 * 0 0 : 3.448560653296625
0 0 0 = 9 0 * 0 : 3.426507215517627
0 0 0 = 9 1 * 0 : 4.575585654850162
0 0 0 = 9 2 * 0 : 4.594829766556554
0 0 0 = 9 3 * 0 : 4.574544825508694
0 0 0 = 9 4 * 0 : 4.572887333163234
0 0 0 = 9 5 * 0 : 4.533235777161507
0 0 0 = 9 6 * 0 : 4.557166493417563
0 0 0 = 9 7 * 0 : 4.521887900076511
0 0 0 = 9 8 * 0 : 4.53694146954719
0 0 0 = 9 9 * 0 : 3.8158333403804776
0 0 0 = 9 - 0 9 : 3.9535786042801258
0 0 0 = 9 * 0 0 : 3.4224149730225712
0 0 1 0 - 1 = 9 : 6.277322556227532
0 0 1 0 - 2 = 8 : 6.768441522989243
0 0 1 0 - 3 = 7 : 6.702500093140388
0 0 1 0 - 4 = 6 : 6.762572199690062
0 0 1 0 - 5 = 5 : 5.984169114547303
0 0 1 0 - 6 = 4 : 6.746770133299476
0 0 1 0 - 7 = 3 : 6.677583923089951
0 0 1 0 - 8 = 2 : 6.727105097144205
0 0 1 0 - 9 = 1 : 6.195981899211023
0 0 1 0 * 0 = 0 : 4.277039342092597
0 0 1 0 / 2 = 5 : 6.3387017919564395
0 0 1 0 / 5 = 2 : 6.326778828268121
0 0 1 0 = 0 1 0 : 3.8623597785865456
0 0 1 0 = 1 + 9 : 5.580274472120993
0 0 1 0 = 2 + 8 : 6.106229786430527
0 0 1 0 = 2 * 5 : 5.927337060395115
0 0 1 0 = 3 + 7 : 6.050887388991458
0 0 1 0 = 4 + 6 : 6.113488537896794
0 0 1 0 = 5 + 5 : 5.358964220986764
0 0 1 0 = 5 * 2 : 5.937359826392698
0 0 1 0 = 6 + 4 : 6.103489881299378
0 0 1 0 = 7 + 3 : 6.041923484030064
0 0 1 0 = 8 + 2 : 6.094647044713
0 0 1 0 = 9 + 1 : 5.57004000691318
0 0 1 1 - 2 = 9 : 7.513067410676664
0 0 1 1 - 3 = 8 : 7.565473114434637
0 0 1 1 - 4 = 7 : 7.51788343530033
0 0 1 1 - 5 = 6 : 7.519163947569702
0 0 1 1 - 6 = 5 : 7.503384786527738
0 0 1 1 - 7 = 4 : 7.514519210347053
0 0 1 1 - 8 = 3 : 7.515581277545159
0 0 1 1 - 9 = 2 : 7.485137877189879
0 0 1 1 * 0 = 0 : 5.130653423710485
0 0 1 1 = 0 1 1 : 4.4678749289148465
0 0 1 1 = 2 + 9 : 6.885960735364538
0 0 1 1 = 3 + 8 : 6.944939032845389
0 0 1 1 = 4 + 7 : 6.903215896032843
0 0 1 1 = 5 + 6 : 6.922589275466164
0 0 1 1 = 6 + 5 : 6.9067509924955965
0 0 1 1 = 7 + 4 : 6.912985642393332
0 0 1 1 = 8 + 3 : 6.9139759005498185
0 0 1 1 = 9 + 2 : 6.892008252043317
0 0 1 2 - 3 = 9 : 7.937203860950096
0 0 1 2 - 4 = 8 : 8.009589855706036
0 0 1 2 - 5 = 7 : 7.913382281472344
0 0 1 2 - 6 = 6 : 7.317651402775615
0 0 1 2 - 7 = 5 : 7.91157835208279
0 0 1 2 - 8 = 4 : 7.9890961768465
0 0 1 2 - 9 = 3 : 7.9003793548308465
0 0 1 2 * 0 = 0 : 5.5761383268602245
0 0 1 2 / 2 = 6 : 7.089932251777749
0 0 1 2 / 3 = 4 : 7.6324789969839255
0 0 1 2 / 4 = 3 : 7.603510704050395
0 0 1 2 / 6 = 2 : 7.031742953277129
0 0 1 2 = 0 1 2 : 5.771286102366087
0 0 1 2 = 2 * 6 : 6.643215288316394
0 0 1 2 = 3 + 9 : 7.300849098491476
0 0 1 2 = 3 * 4 : 7.192993559398579
0 0 1 2 = 4 + 8 : 7.381710546044354
0 0 1 2 = 4 * 3 : 7.171636607535274
0 0 1 2 = 5 + 7 : 7.300190047379422
0 0 1 2 = 6 + 6 : 6.6956859961883275
0 0 1 2 = 6 * 2 : 6.615033449976071
0 0 1 2 = 7 + 5 : 7.304262320037383
0 0 1 2 = 8 + 4 : 7.37128623298277
0 0 1 2 = 9 + 3 : 7.284714272189358
0 0 1 3 - 4 = 9 : 7.915449498448845
0 0 1 3 - 5 = 8 : 7.920540094220338
0 0 1 3 - 6 = 7 : 7.895806472282709
0 0 1 3 - 7 = 6 : 7.913318437413789
0 0 1 3 - 8 = 5 : 7.895610226748539
0 0 1 3 - 9 = 4 : 7.905075094895811
0 0 1 3 * 0 = 0 : 5.548168513953268
0 0 1 3 = 0 1 3 : 5.63982114503517
0 0 1 3 = 4 + 9 : 7.278327688365972
0 0 1 3 = 5 + 8 : 7.302334464587821
0 0 1 3 = 6 + 7 : 7.2708653400151935
0 0 1 3 = 7 + 6 : 7.292150586495807
0 0 1 3 = 8 + 5 : 7.283797131651313
0 0 1 3 = 9 + 4 : 7.281810874387795
0 0 1 4 - 5 = 9 : 7.844466290208431
0 0 1 4 - 6 = 8 : 7.951766565020584
0 0 1 4 - 7 = 7 : 7.164949292150557
0 0 1 4 - 8 = 6 : 7.938006265552722
0 0 1 4 - 9 = 5 : 7.8324031730982675
0 0 1 4 * 0 = 0 : 5.550070961805471
0 0 1 4 / 2 = 7 : 7.572256622473624
0 0 1 4 / 7 = 2 : 7.553867439132505
0 0 1 4 = 0 1 4 : 5.66432738529956
0 0 1 4 = 2 * 7 : 7.121934349127897
0 0 1 4 = 5 + 9 : 7.223069676026898
0 0 1 4 = 6 + 8 : 7.317997038021372
0 0 1 4 = 7 + 7 : 6.542452847984719
0 0 1 4 = 7 * 2 : 7.142620266222606
0 0 1 4 = 8 + 6 : 7.310519642517774
0 0 1 4 = 9 + 5 : 7.217352752364455
0 0 1 5 - 6 = 9 : 7.8178255956516685
0 0 1 5 - 7 = 8 : 7.825411159554511
0 0 1 5 - 8 = 7 : 7.805740780181993
0 0 1 5 - 9 = 6 : 7.820661916673251
0 0 1 5 * 0 = 0 : 5.485636440734525
0 0 1 5 / 3 = 5 : 6.815364335743551
0 0 1 5 / 5 = 3 : 6.828893756815711
0 0 1 5 = 0 1 5 : 5.549612895404468
0 0 1 5 = 3 * 5 : 6.414093274439748
0 0 1 5 = 5 * 3 : 6.443607449013295
0 0 1 5 = 6 + 9 : 7.1948940870126
0 0 1 5 = 7 + 8 : 7.208580715177953
0 0 1 5 = 8 + 7 : 7.1889923682757075
0 0 1 5 = 9 + 6 : 7.203679624578718
0 0 1 6 - 7 = 9 : 7.79287740454872
0 0 1 6 - 8 = 8 : 7.167172580054043
0 0 1 6 - 9 = 7 : 7.782507867509291
0 0 1 6 * 0 = 0 : 5.497913891455533
0 0 1 6 / 2 = 8 : 7.558216130076189
0 0 1 6 / 4 = 4 : 6.91944334697922
0 0 1 6 / 8 = 2 : 7.511272668303064
0 0 1 6 = 0 1 6 : 5.5706180757959
0 0 1 6 = 2 * 8 : 7.109814202855696
0 0 1 6 = 4 * 4 : 6.497445747347897
0 0 1 6 = 7 + 9 : 7.156724341153309
0 0 1 6 = 8 + 8 : 6.543634630052433
0 0 1 6 = 8 * 2 : 7.1035291181060956
0 0 1 6 = 9 + 7 : 7.149774524160826
0 0 1 7 - 8 = 9 : 7.710233090877268
0 0 1 7 - 9 = 8 : 7.722722070159926
0 0 1 7 * 0 = 0 : 5.416519972537675
0 0 1 7 = 0 1 7 : 5.437439230868986
0 0 1 7 = 8 + 9 : 7.0805315610377555
0 0 1 7 = 9 + 8 : 7.094118642108301
0 0 1 8 - 9 = 9 : 6.954346515139625
0 0 1 8 * 0 = 0 : 5.399350858310064
0 0 1 8 / 2 = 9 : 7.397652943646577
0 0 1 8 / 3 = 6 : 7.458860843368348
0 0 1 8 / 6 = 3 : 7.415255921052304
0 0 1 8 / 9 = 2 : 7.367584425449866
0 0 1 8 = 0 1 8 : 5.466088209963475
0 0 1 8 = 2 * 9 : 6.953089274238082
0 0 1 8 = 3 * 6 : 7.032929899236453
0 0 1 8 = 6 * 3 : 7.007490938541692
0 0 1 8 = 9 + 9 : 6.341674925589486
0 0 1 8 = 9 * 2 : 6.964099751486732
0 0 1 9 * 0 = 0 : 5.323275981284511
0 0 1 9 = 0 1 9 : 5.348276781531955
0 0 1 + 0 0 = 1 : 5.290371372179292
0 0 1 + 0 1 = 2 : 6.469593591491907
0 0 1 + 0 2 = 3 : 6.863049584545084
0 0 1 + 0 3 = 4 : 6.875219281836792
0 0 1 + 0 4 = 5 : 6.836930637860163
0 0 1 + 0 5 = 6 : 6.824898178652663
0 0 1 + 0 6 = 7 : 6.792630542144742
0 0 1 + 0 7 = 8 : 6.793689692746445
0 0 1 + 0 8 = 9 : 6.741834850754695
0 0 1 + 0 = 0 1 : 5.327316552023296
0 0 1 + 1 = 0 2 : 6.5180559120426125
0 0 1 + 2 = 0 3 : 6.935667137138924
0 0 1 + 3 = 0 4 : 6.952208714841439
0 0 1 + 4 = 0 5 : 6.90350935880877
0 0 1 + 5 = 0 6 : 6.901142806406684
0 0 1 + 6 = 0 7 : 6.873011595877916
0 0 1 + 7 = 0 8 : 6.878333692042756
0 0 1 + 8 = 0 9 : 6.820603467341381
0 0 1 + 9 = 1 0 : 6.425776401080256
0 0 1 - 0 0 = 1 : 5.315647183764764
0 0 1 - 0 1 = 0 : 5.223631808671975
0 0 1 - 0 = 0 1 : 5.438254085642986
0 0 1 - 1 = 0 0 : 5.403589952238392
0 0 1 * 0 0 = 0 : 4.404704301560738
0 0 1 * 0 1 = 1 : 5.445949380428914
0 0 1 * 0 2 = 2 : 6.19640684720925
0 0 1 * 0 3 = 3 : 6.084202972463714
0 0 1 * 0 4 = 4 : 6.132859008620625
0 0 1 * 0 5 = 5 : 6.00743210176787
0 0 1 * 0 6 = 6 : 6.061825708663584
0 0 1 * 0 7 = 7 : 5.9490676219147405
0 0 1 * 0 8 = 8 : 6.015588040719827
0 0 1 * 0 9 = 9 : 5.918136915092733
0 0 1 * 0 = 0 0 : 4.401609590044628
0 0 1 * 1 = 0 1 : 5.505302004626579
0 0 1 * 2 = 0 2 : 6.23960773026421
0 0 1 * 3 = 0 3 : 6.138470425654275
0 0 1 * 4 = 0 4 : 6.176226719955204
0 0 1 * 5 = 0 5 : 6.0449835995691235
0 0 1 * 6 = 0 6 : 6.10671741447188
0 0 1 * 7 = 0 7 : 5.999754926213337
0 0 1 * 8 = 0 8 : 6.05474404000031
0 0 1 * 9 = 0 9 : 5.967807909543963
0 0 1 / 0 1 = 1 : 5.164932308611239
0 0 1 / 1 = 0 1 : 5.312722801138643
0 0 1 = 0 0 0 1 : 3.4353344013341944
0 0 1 = 0 0 + 1 : 4.317941059245995
0 0 1 = 0 1 + 0 : 4.259294417979982
0 0 1 = 0 1 - 0 : 4.292275489453482
0 0 1 = 0 1 * 1 : 4.495578812213412
0 0 1 = 0 1 / 1 : 4.380879612021554
0 0 1 = 0 2 - 1 : 5.484863313018708
0 0 1 = 0 2 / 2 : 5.127504165065576
0 0 1 = 0 3 - 2 : 5.935989011223684
0 0 1 = 0 3 / 3 : 5.0069275280776795
0 0 1 = 0 4 - 3 : 5.905197842365406
0 0 1 = 0 4 / 4 : 5.050520051340634
0 0 1 = 0 5 - 4 : 5.89920122222263
0 0 1 = 0 5 / 5 : 4.920418345909292
0 0 1 = 0 6 - 5 : 5.871244444614103
0 0 1 = 0 6 / 6 : 4.97324717685332
0 0 1 = 0 7 - 6 : 5.865304661563066
0 0 1 = 0 7 / 7 : 4.865357472542177
0 0 1 = 0 8 - 7 : 5.828810907575395
0 0 1 = 0 8 / 8 : 4.929901751118277
0 0 1 = 0 9 - 8 : 5.824940309030253
0 0 1 = 0 9 / 9 : 4.846302634260893
0 0 1 = 0 + 0 1 : 4.3145611455528625
0 0 1 = 1 0 - 9 : 5.462216002001412
0 0 1 = 1 + 0 0 : 4.330230781562937
0 0 1 = 1 - 0 0 : 4.349454975941239
0 0 1 = 1 * 0 1 : 4.53621482554823
0 0 1 = 1 / 0 1 : 4.421876187284764
0 0 1 = 2 - 0 1 : 5.507341852669492
0 0 1 = 2 / 0 2 : 5.146037648923335
0 0 1 = 3 - 0 2 : 5.9626785928812325
0 0 1 = 3 / 0 3 : 5.033461108431936
0 0 1 = 4 - 0 3 : 5.931672341320668
0 0 1 = 4 / 0 4 : 5.072381860859212
0 0 1 = 5 - 0 4 : 5.9278213799539845
0 0 1 = 5 / 0 5 : 4.943299061270652
0 0 1 = 6 - 0 5 : 5.902698097582327
0 0 1 = 6 / 0 6 : 5.00341337288425
0 0 1 = 7 - 0 6 : 5.901425121686092
0 0 1 = 7 / 0 7 : 4.901543089474144
0 0 1 = 8 - 0 7 : 5.861690968730895
0 0 1 = 8 / 0 8 : 4.960725315715184
0 0 1 = 9 - 0 8 : 5.861586039226257
0 0 1 = 9 / 0 9 : 4.882813807727245
0 0 2 0 * 0 = 0 : 4.305122711883144
0 0 2 0 / 4 = 5 : 6.343111197683889
0 0 2 0 / 5 = 4 : 6.3467614007563835
0 0 2 0 = 0 2 0 : 3.6486973477081386
0 0 2 0 = 4 * 5 : 5.951582358662645
0 0 2 0 = 5 * 4 : 5.958116291123697
0 0 2 1 * 0 = 0 : 5.57642366104312
0 0 2 1 / 3 = 7 : 7.572345553342113
0 0 2 1 / 7 = 3 : 7.545265931701725
0 0 2 1 = 0 2 1 : 5.645204282609641
0 0 2 1 = 3 * 7 : 7.129847596548704
0 0 2 1 = 7 * 3 : 7.13001817243976
0 0 2 2 * 0 = 0 : 5.039624039153191
0 0 2 2 = 0 2 2 : 4.179548470217161
0 0 2 3 * 0 = 0 : 5.5738326390442845
0 0 2 3 = 0 2 3 : 5.403920282864571
0 0 2 4 * 0 = 0 : 5.583984536285196
0 0 2 4 / 3 = 8 : 7.598811624131702
0 0 2 4 / 4 = 6 : 6.985645562237681
0 0 2 4 / 6 = 4 : 6.948868917899022
0 0 2 4 / 8 = 3 : 7.543859391050952
0 0 2 4 = 0 2 4 : 5.445095759679784
0 0 2 4 = 3 * 8 : 7.154230743283947
0 0 2 4 = 4 * 6 : 6.554525571053373
0 0 2 4 = 6 * 4 : 6.528966064783454
0 0 2 4 = 8 * 3 : 7.126880179802205
0 0 2 5 * 0 = 0 : 5.509384074558871
0 0 2 5 / 5 = 5 : 5.843292059871066
0 0 2 5 = 0 2 5 : 5.309331619788801
0 0 2 5 = 5 * 5 : 5.459698274118188
0 0 2 6 * 0 = 0 : 5.517043985151672
0 0 2 6 = 0 2 6 : 5.331662321447448
0 0 2 7 * 0 = 0 : 5.448669206795095
0 0 2 7 / 3 = 9 : 7.429256203755824
0 0 2 7 / 9 = 3 : 7.385441149367493
0 0 2 7 = 0 2 7 : 5.204390544281117
0 0 2 7 = 3 * 9 : 6.980476158803181
0 0 2 7 = 9 * 3 : 6.968520423222226
0 0 2 8 * 0 = 0 : 5.431411143759191
0 0 2 8 / 4 = 7 : 7.422214569842359
0 0 2 8 / 7 = 4 : 7.418784889997049
0 0 2 8 = 0 2 8 : 5.227648493807216
0 0 2 8 = 4 * 7 : 6.992463795486762
0 0 2 8 = 7 * 4 : 7.009301920722414
0 0 2 9 * 0 = 0 : 5.352824966793381
0 0 2 9 = 0 2 9 : 5.127582568957616
0 0 2 + 0 0 = 2 : 5.2416428551204515
0 0 2 + 0 1 = 3 : 6.877360900961227
0 0 2 + 0 2 = 4 : 6.395137773955704
0 0 2 + 0 3 = 5 : 6.870061701360706
0 0 2 + 0 4 = 6 : 6.902152461050734
0 0 2 + 0 5 = 7 : 6.805265588481329
0 0 2 + 0 6 = 8 : 6.868990556826376
0 0 2 + 0 7 = 9 : 6.781799283416523
0 0 2 + 0 = 0 2 : 5.273426304096972
0 0 2 + 1 = 0 3 : 6.959088087466036
0 0 2 + 2 = 0 4 : 6.449041757233225
0 0 2 + 3 = 0 5 : 6.94375803716958
0 0 2 + 4 = 0 6 : 6.971379893672367
0 0 2 + 5 = 0 7 : 6.884147630689279
0 0 2 + 6 = 0 8 : 6.944121344672998
0 0 2 + 7 = 0 9 : 6.869331762100712
0 0 2 + 8 = 1 0 : 6.9036219201935305
0 0 2 + 9 = 1 1 : 7.535612276933869
0 0 2 - 0 0 = 2 : 5.230099747358197
0 0 2 - 0 1 = 1 : 6.446853368462099
0 0 2 - 0 2 = 0 : 5.112627789516197
0 0 2 - 0 = 0 2 : 5.344984707348495
0 0 2 - 1 = 0 1 : 6.553335801112786
0 0 2 - 2 = 0 0 : 5.283149269174412
0 0 2 * 0 0 = 0 : 4.4349135775413915
0 0 2 * 0 1 = 2 : 6.199029165988691
0 0 2 * 0 2 = 4 : 6.266428689735188
0 0 2 * 0 3 = 6 : 6.773586269364753
0 0 2 * 0 4 = 8 : 6.78688713453806
0 0 2 * 0 = 0 0 : 4.421603370672068
0 0 2 * 1 = 0 2 : 6.293717205931274
0 0 2 * 2 = 0 4 : 6.31007884681862
0 0 2 * 3 = 0 6 : 6.841067936836917
0 0 2 * 4 = 0 8 : 6.841945669565725
0 0 2 * 5 = 1 0 : 6.797745720076533
0 0 2 * 6 = 1 2 : 7.434437067102002
0 0 2 * 7 = 1 4 : 7.980113259475113
0 0 2 * 8 = 1 6 : 7.974015986965259
0 0 2 * 9 = 1 8 : 7.92378984470836
0 0 2 / 0 1 = 2 : 5.922460937221347
0 0 2 / 0 2 = 1 : 5.9127221248426345
0 0 2 / 1 = 0 2 : 6.097441714191295
0 0 2 / 2 = 0 1 : 6.046967332977194
0 0 2 = 0 0 0 2 : 3.312587496295606
0 0 2 = 0 0 + 2 : 4.209208581460764
0 0 2 = 0 1 + 1 : 5.435654079296162
0 0 2 = 0 1 * 2 : 5.2195809567486835
0 0 2 = 0 2 + 0 : 4.137800785098412
0 0 2 = 0 2 - 0 : 4.153654742846514
0 0 2 = 0 2 * 1 : 5.211685803624086
0 0 2 = 0 2 / 1 : 5.1071976409831885
0 0 2 = 0 3 - 1 : 5.8838450701974665
0 0 2 = 0 4 - 2 : 5.349534767148527
0 0 2 = 0 4 / 2 : 5.115771199915307
0 0 2 = 0 5 - 3 : 5.856095038269867
0 0 2 = 0 6 - 4 : 5.901946233774635
0 0 2 = 0 6 / 3 : 5.63234532406881
0 0 2 = 0 7 - 5 : 5.8204468134653835
0 0 2 = 0 8 - 6 : 5.8655258893934965
0 0 2 = 0 8 / 4 : 5.6595056335108955
0 0 2 = 0 9 - 7 : 5.7860561476026975
0 0 2 = 0 + 0 2 : 4.206213017365642
0 0 2 = 1 0 - 8 : 5.945205813369083
0 0 2 = 1 0 / 5 : 5.6831129362657755
0 0 2 = 1 1 - 9 : 6.573894428956802
0 0 2 = 1 2 / 6 : 6.288139683948676
0 0 2 = 1 4 / 7 : 6.778435090799919
0 0 2 = 1 6 / 8 : 6.805937763170576
0 0 2 = 1 8 / 9 : 6.720772091593355
0 0 2 = 1 + 0 1 : 5.4714842681036595
0 0 2 = 1 * 0 2 : 5.284697396824722
0 0 2 = 2 + 0 0 : 4.183420798522484
0 0 2 = 2 - 0 0 : 4.187502643018687
0 0 2 = 2 * 0 1 : 5.237375841872061
0 0 2 = 2 / 0 1 : 5.130077670702455
0 0 2 = 3 - 0 1 : 5.908749089096746
0 0 2 = 4 - 0 2 : 5.37706649875755
0 0 2 = 4 / 0 2 : 5.158700859592263
0 0 2 = 5 - 0 3 : 5.884547307521627
0 0 2 = 6 - 0 4 : 5.920725972147106
0 0 2 = 6 / 0 3 : 5.674482243646025
0 0 2 = 7 - 0 5 : 5.850260016737062
0 0 2 = 8 - 0 6 : 5.891347483585643
0 0 2 = 8 / 0 4 : 5.694592857453639
0 0 2 = 9 - 0 7 : 5.822211785221809
0 0 3 0 * 0 = 0 : 4.253686402781105
0 0 3 0 / 5 = 6 : 6.305642178618135
0 0 3 0 / 6 = 5 : 6.288952381497249
0 0 3 0 = 0 3 0 : 3.4919359426320824
0 0 3 0 = 5 * 6 : 5.896861813227744
0 0 3 0 = 6 * 5 : 5.888649910463899
0 0 3 1 * 0 = 0 : 5.544999009069034
0 0 3 1 = 0 3 1 : 5.5180572248227815
0 0 3 2 * 0 = 0 : 5.578854555906424
0 0 3 2 / 4 = 8 : 7.626275277059687
0 0 3 2 / 8 = 4 : 7.600982212689044
0 0 3 2 = 0 3 2 : 5.408628598790854
0 0 3 2 = 4 * 8 : 7.1690008726171985
0 0 3 2 = 8 * 4 : 7.163408637621223
0 0 3 3 * 0 = 0 : 4.87754135216311
0 0 3 3 = 0 3 3 : 3.9323108232170623
0 0 3 4 * 0 = 0 : 5.527371573832657
0 0 3 4 = 0 3 4 : 5.282171744670591
0 0 3 5 * 0 = 0 : 5.470753432577763
0 0 3 5 / 5 = 7 : 6.775372927178543
0 0 3 5 / 7 = 5 : 6.7374057415368656
0 0 3 5 = 0 3 5 : 5.1668905334754855
0 0 3 5 = 5 * 7 : 6.365174446301569
0 0 3 5 = 7 * 5 : 6.3319239284598705
0 0 3 6 * 0 = 0 : 5.464288824429257
0 0 3 6 / 4 = 9 : 7.45613627891857
0 0 3 6 / 6 = 6 : 5.8648697685730475
0 0 3 6 / 9 = 4 : 7.4408761507994505
0 0 3 6 = 0 3 6 : 5.175469705753115
0 0 3 6 = 4 * 9 : 7.005794610530203
0 0 3 6 = 6 * 6 : 5.438839165227567
0 0 3 6 = 9 * 4 : 7.015224893316365
0 0 3 7 * 0 = 0 : 5.390280959986284
0 0 3 7 = 0 3 7 : 5.035518408539252
0 0 3 8 * 0 = 0 : 5.378292295756289
0 0 3 8 = 0 3 8 : 5.072412660293847
0 0 3 9 * 0 = 0 : 5.308213471549464
0 0 3 9 = 0 3 9 : 4.978452232153254
0 0 3 + 0 0 = 3 : 5.089669184370614
0 0 3 + 0 1 = 4 : 6.88928405783334
0 0 3 + 0 2 = 5 : 6.863872013140433
0 0 3 + 0 3 = 6 : 6.233797860977036
0 0 3 + 0 4 = 7 : 6.798741116857675
0 0 3 + 0 5 = 8 : 6.805489376070763
0 0 3 + 0 6 = 9 : 6.769960388608329
0 0 3 + 0 = 0 3 : 5.123443465042733
0 0 3 + 1 = 0 4 : 6.962114126757463
0 0 3 + 2 = 0 5 : 6.930202573923794
0 0 3 + 3 = 0 6 : 6.296093599149184
0 0 3 + 4 = 0 7 : 6.874843067821028
0 0 3 + 5 = 0 8 : 6.882479603021119
0 0 3 + 6 = 0 9 : 6.851302665292325
0 0 3 + 7 = 1 0 : 6.866582527215526
0 0 3 + 8 = 1 1 : 7.566325406748428
0 0 3 + 9 = 1 2 : 8.01096892072773
0 0 3 - 0 0 = 3 : 5.088863114089923
0 0 3 - 0 1 = 2 : 6.902856905931859
0 0 3 - 0 2 = 1 : 6.864909835345296
0 0 3 - 0 3 = 0 : 4.976505565058852
0 0 3 - 0 = 0 3 : 5.203311377147799
0 0 3 - 1 = 0 2 : 7.034335254168326
0 0 3 - 2 = 0 1 : 6.9854633039570135
0 0 3 - 3 = 0 0 : 5.161631050257272
0 0 3 * 0 0 = 0 : 4.3854240091279335
0 0 3 * 0 1 = 3 : 6.078543878535143
0 0 3 * 0 2 = 6 : 6.7619226498230995
0 0 3 * 0 3 = 9 : 6.045511533001186
0 0 3 * 0 = 0 0 : 4.372648031283159
0 0 3 * 1 = 0 3 : 6.172115089131033
0 0 3 * 2 = 0 6 : 6.819538061668862
0 0 3 * 3 = 0 9 : 6.1005692232639115
0 0 3 * 4 = 1 2 : 7.975740907224525
0 0 3 * 5 = 1 5 : 7.235992680996536
0 0 3 * 6 = 1 8 : 7.965034734158408
0 0 3 * 7 = 2 1 : 7.86549546576591
0 0 3 * 8 = 2 4 : 7.940900723961217
0 0 3 * 9 = 2 7 : 7.869214367607407
0 0 3 / 0 1 = 3 : 5.821088356468997
0 0 3 / 0 3 = 1 : 5.81128456694806
0 0 3 / 1 = 0 3 : 5.9919427081724255
0 0 3 / 3 = 0 1 : 5.958188417384875
0 0 3 = 0 0 0 3 : 3.168649349994434
0 0 3 = 0 0 + 3 : 4.065484459878141
0 0 3 = 0 1 + 2 : 5.890334344961515
0 0 3 = 0 1 * 3 : 5.095099368777183
0 0 3 = 0 2 + 1 : 5.855034997444766
0 0 3 = 0 3 + 0 : 4.0075679629943135
0 0 3 = 0 3 - 0 : 4.027617605634128
0 0 3 = 0 3 * 1 : 5.099273419307971
0 0 3 = 0 3 / 1 : 5.0064010441571005
0 0 3 = 0 4 - 1 : 5.86675548636468
0 0 3 = 0 5 - 2 : 5.872526890211413
0 0 3 = 0 6 - 3 : 5.181663399209825
0 0 3 = 0 6 / 2 : 5.652070860453219
0 0 3 = 0 7 - 4 : 5.821921649545851
0 0 3 = 0 8 - 5 : 5.80493016989112
0 0 3 = 0 9 - 6 : 5.801086968927872
0 0 3 = 0 9 / 3 : 4.914231956538216
0 0 3 = 0 + 0 3 : 4.063141706384643
0 0 3 = 1 0 - 7 : 5.8838911195961545
0 0 3 = 1 1 - 8 : 6.613732070869783
0 0 3 = 1 2 - 9 : 6.985740570870294
0 0 3 = 1 2 / 4 : 6.831908720628612
0 0 3 = 1 5 / 5 : 6.0738785700865705
0 0 3 = 1 8 / 6 : 6.7779866050918995
0 0 3 = 1 + 0 2 : 5.938119128935356
0 0 3 = 1 * 0 3 : 5.159952819520464
0 0 3 = 2 1 / 7 : 6.755265106810656
0 0 3 = 2 4 / 8 : 6.775408745008338
0 0 3 = 2 7 / 9 : 6.682413980557435
0 0 3 = 2 + 0 1 : 5.885265477096684
0 0 3 = 3 + 0 0 : 4.054323053978486
0 0 3 = 3 - 0 0 : 4.064590702359137
0 0 3 = 3 * 0 1 : 5.130554997507916
0 0 3 = 3 / 0 1 : 5.034346463203212
0 0 3 = 4 - 0 1 : 5.891332421639652
0 0 3 = 5 - 0 2 : 5.899473616934443
0 0 3 = 6 - 0 3 : 5.214919763464918
0 0 3 = 6 / 0 2 : 5.693727827990062
0 0 3 = 7 - 0 4 : 5.848724624883424
0 0 3 = 8 - 0 5 : 5.832297944462343
0 0 3 = 9 - 0 6 : 5.8378290435934534
0 0 3 = 9 / 0 3 : 4.9654154413162415
0 0 4 0 * 0 = 0 : 4.293016487806527
0 0 4 0 / 5 = 8 : 6.328082882365742
0 0 4 0 / 8 = 5 : 6.297290697583924
0 0 4 0 = 0 4 0 : 3.5272366474432584
0 0 4 0 = 5 * 8 : 5.9228717254204515
0 0 4 0 = 8 * 5 : 5.9099042961499615
0 0 4 1 * 0 = 0 : 5.584308236207248
0 0 4 1 = 0 4 1 : 5.550090923019996
0 0 4 2 * 0 = 0 : 5.6248929862349035
0 0 4 2 / 6 = 7 : 7.586358346472847
0 0 4 2 / 7 = 6 : 7.604084143218832
0 0 4 2 = 0 4 2 : 5.44863197119556
0 0 4 2 = 6 * 7 : 7.157624286660422
0 0 4 2 = 7 * 6 : 7.180317418739837
0 0 4 3 * 0 = 0 : 5.564617873335808
0 0 4 3 = 0 4 3 : 5.286134014116583
0 0 4 4 * 0 = 0 : 4.920333203398499
0 0 4 4 = 0 4 4 : 3.9833803345221357
0 0 4 5 * 0 = 0 : 5.501627590090688
0 0 4 5 / 5 = 9 : 6.771769290451773
0 0 4 5 / 9 = 5 : 6.719877310199965
0 0 4 5 = 0 4 5 : 5.186764007223003
0 0 4 5 = 5 * 9 : 6.3659799389945695
0 0 4 5 = 9 * 5 : 6.3249123162842364
0 0 4 6 * 0 = 0 : 5.50448190757312
0 0 4 6 = 0 4 6 : 5.200578375646633
0 0 4 7 * 0 = 0 : 5.429841571601521
0 0 4 7 = 0 4 7 : 5.070669154006404
0 0 4 8 * 0 = 0 : 5.419074253377586
0 0 4 8 / 6 = 8 : 6.746816765988444
0 0 4 8 / 8 = 6 : 6.757489394432737
0 0 4 8 = 0 4 8 : 5.108323026967801
0 0 4 8 = 6 * 8 : 6.317931308748886
0 0 4 8 = 8 * 6 : 6.3398799829910635
0 0 4 9 * 0 = 0 : 5.344784174834895
0 0 4 9 / 7 = 7 : 6.60338340862795
0 0 4 9 = 0 4 9 : 5.0080048420862955
0 0 4 9 = 7 * 7 : 6.173700096117564
0 0 4 + 0 0 = 4 : 5.161599945571406
0 0 4 + 0 1 = 5 : 6.882739298574934
0 0 4 + 0 2 = 6 : 6.93118549087993
0 0 4 + 0 3 = 7 : 6.829389440660867
0 0 4 + 0 4 = 8 : 6.268559047866196
0 0 4 + 0 5 = 9 : 6.775574786584759
0 0 4 + 0 = 0 4 : 5.193112982173287
0 0 4 + 1 = 0 5 : 6.950827772080226
0 0 4 + 2 = 0 6 : 7.001447437594044
0 0 4 + 3 = 0 7 : 6.905296390558946
0 0 4 + 4 = 0 8 : 6.327735243128769
0 0 4 + 5 = 0 9 : 6.851308612830167
0 0 4 + 6 = 1 0 : 6.935615619720954
0 0 4 + 7 = 1 1 : 7.584225026153048
0 0 4 + 8 = 1 2 : 8.089143530001923
0 0 4 + 9 = 1 3 : 8.030854805785216
0 0 4 - 0 0 = 4 : 5.152076351378101
0 0 4 - 0 1 = 3 : 6.909821147885759
0 0 4 - 0 2 = 2 : 6.37043790858813
0 0 4 - 0 3 = 1 : 6.878685643351642
0 0 4 - 0 4 = 0 : 5.015840553524203
0 0 4 - 0 = 0 4 : 5.264506930438257
0 0 4 - 1 = 0 3 : 7.03891115082765
0 0 4 - 2 = 0 2 : 6.467256414719061
0 0 4 - 3 = 0 1 : 7.014305858723798
0 0 4 - 4 = 0 0 : 5.199438967277454
0 0 4 * 0 0 = 0 : 4.426576516824606
0 0 4 * 0 1 = 4 : 6.153559491564011
0 0 4 * 0 2 = 8 : 6.807411220759694
0 0 4 * 0 = 0 0 : 4.4129020325851975
0 0 4 * 1 = 0 4 : 6.244928427400429
0 0 4 * 2 = 0 8 : 6.856420372186341
0 0 4 * 3 = 1 2 : 8.020419785803075
0 0 4 * 4 = 1 6 : 7.412575650111051
0 0 4 * 5 = 2 0 : 6.808651661094751
0 0 4 * 6 = 2 4 : 7.377160021046039
0 0 4 * 7 = 2 8 : 7.961600688788304
0 0 4 * 8 = 3 2 : 7.953330467655355
0 0 4 * 9 = 3 6 : 7.917872496534569
0 0 4 / 0 1 = 4 : 5.88035382717809
0 0 4 / 0 2 = 2 : 5.960605247180361
0 0 4 / 0 4 = 1 : 5.8472503122666355
0 0 4 / 1 = 0 4 : 6.050798180794472
0 0 4 / 2 = 0 2 : 6.09036053675254
0 0 4 / 4 = 0 1 : 5.991462530566115
0 0 4 = 0 0 0 4 : 3.2322076024707806
0 0 4 = 0 0 + 4 : 4.128551103022132
0 0 4 = 0 1 + 3 : 5.893244890083498
0 0 4 = 0 1 * 4 : 5.16517193541698
0 0 4 = 0 2 + 2 : 5.3518949049060085
0 0 4 = 0 2 * 2 : 5.249250184479638
0 0 4 = 0 3 + 1 : 5.87150124069934
0 0 4 = 0 4 + 0 : 4.0478188913357585
0 0 4 = 0 4 - 0 : 4.067305070622443
0 0 4 = 0 4 * 1 : 5.149500923099583
0 0 4 = 0 4 / 1 : 5.0500165274937325
0 0 4 = 0 5 - 1 : 5.867560754740486
0 0 4 = 0 6 - 2 : 5.918981147748806
0 0 4 = 0 7 - 3 : 5.827122426641645
0 0 4 = 0 8 - 4 : 5.231348256352628
0 0 4 = 0 8 / 2 : 5.68050170857605
0 0 4 = 0 9 - 5 : 5.795991224187122
0 0 4 = 0 + 0 4 : 4.1260414150368065
0 0 4 = 1 0 - 6 : 5.962657057485393
0 0 4 = 1 1 - 7 : 6.601451738900799
0 0 4 = 1 2 - 8 : 7.079358397469296
0 0 4 = 1 2 / 3 : 6.837427970881062
0 0 4 = 1 3 - 9 : 7.002602353697065
0 0 4 = 1 6 / 4 : 6.2038329856006476
0 0 4 = 1 + 0 3 : 5.940340545188571
0 0 4 = 1 * 0 4 : 5.227647660464338
0 0 4 = 2 0 / 5 : 5.691852249085087
0 0 4 = 2 4 / 6 : 6.207343694370808
0 0 4 = 2 8 / 7 : 6.736246248862068
0 0 4 = 2 + 0 2 : 5.3608802728378375
0 0 4 = 2 * 0 2 : 5.274967322848223
0 0 4 = 3 2 / 8 : 6.813367088848955
0 0 4 = 3 6 / 9 : 6.716286395689724
0 0 4 = 3 + 0 1 : 5.905823730940767
0 0 4 = 4 + 0 0 : 4.09397533385811
0 0 4 = 4 - 0 0 : 4.104678101470055
0 0 4 = 4 * 0 1 : 5.17801643583649
0 0 4 = 4 / 0 1 : 5.076683831877049
0 0 4 = 5 - 0 1 : 5.891361025407041
0 0 4 = 6 - 0 2 : 5.942014132551523
0 0 4 = 7 - 0 3 : 5.85122611003821
0 0 4 = 8 - 0 4 : 5.260155392817188
0 0 4 = 8 / 0 2 : 5.716549088440984
0 0 4 = 9 - 0 5 : 5.826154956779946
0 0 5 0 * 0 = 0 : 4.2410197216512335
0 0 5 0 = 0 5 0 : 3.4298938936510006
0 0 5 1 * 0 = 0 : 5.537271475252126
0 0 5 1 = 0 5 1 : 5.466458765046356
0 0 5 2 * 0 = 0 : 5.5645899380245005
0 0 5 2 = 0 5 2 : 5.347154476761943
0 0 5 3 * 0 = 0 : 5.5249238826806915
0 0 5 3 = 0 5 3 : 5.201634275809589
0 0 5 4 * 0 = 0 : 5.520798821309722
0 0 5 4 / 6 = 9 : 7.468042807477698
0 0 5 4 / 9 = 6 : 7.468092162476843
0 0 5 4 = 0 5 4 : 5.2216507767474925
0 0 5 4 = 6 * 9 : 7.044099859240116
0 0 5 4 = 9 * 6 : 7.055405302388957
0 0 5 5 * 0 = 0 : 4.789063227141442
0 0 5 5 = 0 5 5 : 3.7982165743578604
0 0 5 6 * 0 = 0 : 5.452507269910484
0 0 5 6 / 7 = 8 : 7.408567890918386
0 0 5 6 / 8 = 7 : 7.386154352476383
0 0 5 6 = 0 5 6 : 5.10125790158047
0 0 5 6 = 7 * 8 : 6.988003847230703
0 0 5 6 = 8 * 7 : 6.967723184480206
0 0 5 7 * 0 = 0 : 5.383084790084916
0 0 5 7 = 0 5 7 : 4.984216488794511
0 0 5 8 * 0 = 0 : 5.366856717952404
0 0 5 8 = 0 5 8 : 5.010740030080975
0 0 5 9 * 0 = 0 : 5.298753913709963
0 0 5 9 = 0 5 9 : 4.922698962890669
0 0 5 + 0 0 = 5 : 5.042309718374444
0 0 5 + 0 1 = 6 : 6.879680816957861
0 0 5 + 0 2 = 7 : 6.839277759557899
0 0 5 + 0 3 = 8 : 6.846727305573931
0 0 5 + 0 4 = 9 : 6.783850664463737
0 0 5 + 0 = 0 5 : 5.072838646373635
0 0 5 + 1 = 0 6 : 6.948943956625659
0 0 5 + 2 = 0 7 : 6.904541937247002
0 0 5 + 3 = 0 8 : 6.917666849441996
0 0 5 + 4 = 0 9 : 6.852974140893469
0 0 5 + 5 = 1 0 : 6.216439371854453
0 0 5 + 6 = 1 1 : 7.576321704064931
0 0 5 + 7 = 1 2 : 8.042785172284196
0 0 5 + 8 = 1 3 : 8.022126856666414
0 0 5 + 9 = 1 4 : 7.998683015945398
0 0 5 - 0 0 = 5 : 5.012142003519111
0 0 5 - 0 1 = 4 : 6.890680140465554
0 0 5 - 0 2 = 3 : 6.861468030843527
0 0 5 - 0 3 = 2 : 6.871174241695702
0 0 5 - 0 4 = 1 : 6.835005661900499
0 0 5 - 0 5 = 0 : 4.894490289558327
0 0 5 - 0 = 0 5 : 5.121710613854607
0 0 5 - 1 = 0 4 : 7.009487187474239
0 0 5 - 2 = 0 3 : 6.976106754267184
0 0 5 - 3 = 0 2 : 7.00102769125487
0 0 5 - 4 = 0 1 : 6.9640941958881895
0 0 5 - 5 = 0 0 : 5.072323480952009
0 0 5 * 0 0 = 0 : 4.3764406631493875
0 0 5 * 0 1 = 5 : 6.025373245027564
0 0 5 * 0 = 0 0 : 4.35456138982104
0 0 5 * 1 = 0 5 : 6.108559350539161
0 0 5 * 2 = 1 0 : 6.807349320309137
0 0 5 * 3 = 1 5 : 7.296395100954371
0 0 5 * 4 = 2 0 : 6.79724592357132
0 0 5 * 5 = 2 5 : 6.2807715459885864
0 0 5 * 6 = 3 0 : 6.735439079772225
0 0 5 * 7 = 3 5 : 7.19168901399957
0 0 5 * 8 = 4 0 : 6.7131569265046025
0 0 5 * 9 = 4 5 : 7.153893177418989
0 0 5 / 0 1 = 5 : 5.737628096741865
0 0 5 / 0 5 = 1 : 5.729544798891321
0 0 5 / 1 = 0 5 : 5.901695232960512
0 0 5 / 5 = 0 1 : 5.866554149089268
0 0 5 = 0 0 0 5 : 3.1348678843111655
0 0 5 = 0 0 + 5 : 4.0194194954538265
0 0 5 = 0 1 + 4 : 5.88619974852312
0 0 5 = 0 1 * 5 : 5.053564439555982
0 0 5 = 0 2 + 3 : 5.867117568259357
0 0 5 = 0 3 + 2 : 5.884067711122496
0 0 5 = 0 4 + 1 : 5.842348623122349
0 0 5 = 0 5 + 0 : 3.951385743508165
0 0 5 = 0 5 - 0 : 3.967096231115695
0 0 5 = 0 5 * 1 : 5.057915957065751
0 0 5 = 0 5 / 1 : 4.9444322549600015
0 0 5 = 0 6 - 1 : 5.845384273346356
0 0 5 = 0 7 - 2 : 5.844904315885873
0 0 5 = 0 8 - 3 : 5.817123015335989
0 0 5 = 0 9 - 4 : 5.805446467346366
0 0 5 = 0 + 0 5 : 4.01675117024341
0 0 5 = 1 0 - 5 : 5.222359628245212
0 0 5 = 1 0 / 2 : 5.716225558528454
0 0 5 = 1 1 - 6 : 6.619267552862194
0 0 5 = 1 2 - 7 : 6.999554416599507
0 0 5 = 1 3 - 8 : 7.022505589595123
0 0 5 = 1 4 - 9 : 6.955635006935894
0 0 5 = 1 5 / 3 : 6.1182681258040095
0 0 5 = 1 + 0 4 : 5.931529645853067
0 0 5 = 1 * 0 5 : 5.116428815863068
0 0 5 = 2 0 / 4 : 5.704379921347313
0 0 5 = 2 5 / 5 : 5.1088737017638985
0 0 5 = 2 + 0 3 : 5.894096716562373
0 0 5 = 3 0 / 6 : 5.665548618417388
0 0 5 = 3 5 / 7 : 6.027294942740851
0 0 5 = 3 + 0 2 : 5.91536605072862
0 0 5 = 4 0 / 8 : 5.653884096125557
0 0 5 = 4 5 / 9 : 6.005014095328905
0 0 5 = 4 + 0 1 : 5.872150626685834
0 0 5 = 5 + 0 0 : 4.0016430498036675
0 0 5 = 5 - 0 0 : 4.010846739756801
0 0 5 = 5 * 0 1 : 5.085182833000318
0 0 5 = 5 / 0 1 : 4.967848938262627
0 0 5 = 6 - 0 1 : 5.870817088201264
0 0 5 = 7 - 0 2 : 5.8724621111325295
0 0 5 = 8 - 0 3 : 5.844065134996837
0 0 5 = 9 - 0 4 : 5.835247887581459
0 0 6 0 * 0 = 0 : 4.282356752407504
0 0 6 0 = 0 6 0 : 3.4512980751143543
0 0 6 1 * 0 = 0 : 5.5799620504420115
0 0 6 1 = 0 6 1 : 5.482732277504726
0 0 6 2 * 0 = 0 : 5.605459345954288
0 0 6 2 = 0 6 2 : 5.367044554473994
0 0 6 3 * 0 = 0 : 5.55406916201455
0 0 6 3 / 7 = 9 : 7.485990790996959
0 0 6 3 / 9 = 7 : 7.473309268220447
0 0 6 3 = 0 6 3 : 5.21082572898675
0 0 6 3 = 7 * 9 : 7.049242685331323
0 0 6 3 = 9 * 7 : 7.043184803410796
0 0 6 4 * 0 = 0 : 5.559865986658397
0 0 6 4 / 8 = 8 : 6.862886007904877
0 0 6 4 = 0 6 4 : 5.238759298246869
0 0 6 4 = 8 * 8 : 6.437195089434452
0 0 6 5 * 0 = 0 : 5.489023183777151
0 0 6 5 = 0 6 5 : 5.104342845630013
0 0 6 6 * 0 = 0 : 4.819014314568619
0 0 6 6 = 0 6 6 : 3.829307458494885
0 0 6 7 * 0 = 0 : 5.416057370988657
0 0 6 7 = 0 6 7 : 4.991311305629989
0 0 6 8 * 0 = 0 : 5.409302546072333
0 0 6 8 = 0 6 8 : 5.033414396140273
0 0 6 9 * 0 = 0 : 5.336585539348154
0 0 6 9 = 0 6 9 : 4.93625967405624
0 0 6 + 0 0 = 6 : 5.096535210022809
0 0 6 + 0 1 = 7 : 6.862205938503197
0 0 6 + 0 2 = 8 : 6.916706892772968
0 0 6 + 0 3 = 9 : 6.826275823606932
0 0 6 + 0 = 0 6 : 5.131787403876641
0 0 6 + 1 = 0 7 : 6.9339969646405795
0 0 6 + 2 = 0 8 : 6.974815804314272
0 0 6 + 3 = 0 9 : 6.904849014044289
0 0 6 + 4 = 1 0 : 6.949310818029656
0 0 6 + 5 = 1 1 : 7.594896075986742
0 0 6 + 6 = 1 2 : 7.448607053594286
0 0 6 + 7 = 1 3 : 8.029974997080046
0 0 6 + 8 = 1 4 : 8.088972645481903
0 0 6 + 9 = 1 5 : 8.008044188219944
0 0 6 - 0 0 = 6 : 5.0793469428628715
0 0 6 - 0 1 = 5 : 6.874195635717648
0 0 6 - 0 2 = 4 : 6.9329418863602115
0 0 6 - 0 3 = 3 : 6.207026922293524
0 0 6 - 0 4 = 2 : 6.913463961383372
0 0 6 - 0 5 = 1 : 6.817140685050616
0 0 6 - 0 6 = 0 : 4.937061615497649
0 0 6 - 0 = 0 6 : 5.195858753085
0 0 6 - 1 = 0 5 : 6.992278704560846
0 0 6 - 2 = 0 4 : 7.046495863082981
0 0 6 - 3 = 0 3 : 6.3247513435993294
0 0 6 - 4 = 0 2 : 7.043187886372394
0 0 6 - 5 = 0 1 : 6.959027374340427
0 0 6 - 6 = 0 0 : 5.127252776668197
0 0 6 * 0 0 = 0 : 4.416819972112885
0 0 6 * 0 1 = 6 : 6.0955546282859325
0 0 6 * 0 = 0 0 : 4.403427773234964
0 0 6 * 1 = 0 6 : 6.1854971123958125
0 0 6 * 2 = 1 2 : 7.447699132290628
0 0 6 * 3 = 1 8 : 8.02549932552654
0 0 6 * 4 = 2 4 : 7.372639505182013
0 0 6 * 5 = 3 0 : 6.757680988296574
0 0 6 * 6 = 3 6 : 6.309454995102197
0 0 6 * 7 = 4 2 : 7.950007374068799
0 0 6 * 8 = 4 8 : 7.216638279124396
0 0 6 * 9 = 5 4 : 7.861543328507857
0 0 6 / 0 1 = 6 : 5.821105971500728
0 0 6 / 0 2 = 3 : 6.490610433758074
0 0 6 / 0 3 = 2 : 6.496927450862169
0 0 6 / 0 6 = 1 : 5.778280777814806
0 0 6 / 1 = 0 6 : 5.9912583341349475
0 0 6 / 2 = 0 3 : 6.636330457493114
0 0 6 / 3 = 0 2 : 6.654836689981951
0 0 6 / 6 = 0 1 : 5.925521978969611
0 0 6 = 0 0 0 6 : 3.1664108028844478
0 0 6 = 0 0 + 6 : 4.061943527554791
0 0 6 = 0 1 + 5 : 5.873538996254336
0 0 6 = 0 1 * 6 : 5.103307555674103
0 0 6 = 0 2 + 4 : 5.923457991318733
0 0 6 = 0 2 * 3 : 5.78133405881649
0 0 6 = 0 3 + 3 : 5.205840508154437
0 0 6 = 0 3 * 2 : 5.801270612421352
0 0 6 = 0 4 + 2 : 5.913250687080672
0 0 6 = 0 5 + 1 : 5.832077782511902
0 0 6 = 0 6 + 0 : 3.980732765061974
0 0 6 = 0 6 - 0 : 3.998134782707046
0 0 6 = 0 6 * 1 : 5.086653981450206
0 0 6 = 0 6 / 1 : 4.98671100186482
0 0 6 = 0 7 - 1 : 5.840652510599535
0 0 6 = 0 8 - 2 : 5.891036399798791
0 0 6 = 0 9 - 3 : 5.814167907887162
0 0 6 = 0 + 0 6 : 4.062959130106421
0 0 6 = 1 0 - 4 : 5.968951638031684
0 0 6 = 1 1 - 5 : 6.619041595706749
0 0 6 = 1 2 - 6 : 6.402620646052638
0 0 6 = 1 2 / 2 : 6.296504404276349
0 0 6 = 1 3 - 7 : 7.005242523247019
0 0 6 = 1 4 - 8 : 7.05870285498598
0 0 6 = 1 5 - 9 : 6.972152551374753
0 0 6 = 1 8 / 3 : 6.788120003363504
0 0 6 = 1 + 0 5 : 5.92030083897443
0 0 6 = 1 * 0 6 : 5.167262154687094
0 0 6 = 2 4 / 4 : 6.200214188000296
0 0 6 = 2 + 0 4 : 5.94857107438128
0 0 6 = 2 * 0 3 : 5.821798976224776
0 0 6 = 3 0 / 5 : 5.6656019533516275
0 0 6 = 3 6 / 6 : 5.14461652696006
0 0 6 = 3 + 0 3 : 5.217303550859085
0 0 6 = 3 * 0 2 : 5.84445795718137
0 0 6 = 4 2 / 7 : 6.771178735991867
0 0 6 = 4 8 / 8 : 6.060861963251148
0 0 6 = 4 + 0 2 : 5.939494725007216
0 0 6 = 5 4 / 9 : 6.680916859246773
0 0 6 = 5 + 0 1 : 5.867414655901646
0 0 6 = 6 + 0 0 : 4.025246549297451
0 0 6 = 6 - 0 0 : 4.036569082928583
0 0 6 = 6 * 0 1 : 5.116011516170798
0 0 6 = 6 / 0 1 : 5.016659837298372
0 0 6 = 7 - 0 1 : 5.869141732787859
0 0 6 = 8 - 0 2 : 5.909716198996402
0 0 6 = 9 - 0 3 : 5.84909050668315
0 0 7 0 * 0 = 0 : 4.222080847952434
0 0 7 0 = 0 7 0 : 3.3512624516145486
0 0 7 1 * 0 = 0 : 5.517505434754683
0 0 7 1 = 0 7 1 : 5.386800061303345
0 0 7 2 * 0 = 0 : 5.555789243070261
0 0 7 2 / 8 = 9 : 7.516744844452145
0 0 7 2 / 9 = 8 : 7.528806283816741
0 0 7 2 = 0 7 2 : 5.279919338350697
0 0 7 2 = 8 * 9 : 7.067580571696483
0 0 7 2 = 9 * 8 : 7.083589021759443
0 0 7 3 * 0 = 0 : 5.497747666013995
0 0 7 3 = 0 7 3 : 5.110614856913462
0 0 7 4 * 0 = 0 : 5.498579292795923
0 0 7 4 = 0 7 4 : 5.140271299453376
0 0 7 5 * 0 = 0 : 5.433691186183948
0 0 7 5 = 0 7 5 : 5.019095962992508
0 0 7 6 * 0 = 0 : 5.433385932393819
0 0 7 6 = 0 7 6 : 5.031403393067409
0 0 7 7 * 0 = 0 : 4.677531149688233
0 0 7 7 = 0 7 7 : 3.6503595830198576
0 0 7 8 * 0 = 0 : 5.344525168204764
0 0 7 8 = 0 7 8 : 4.928378356699996
0 0 7 9 * 0 = 0 : 5.2783278952518335
0 0 7 9 = 0 7 9 : 4.837939194584911
0 0 7 + 0 0 = 7 : 4.977823810250934
0 0 7 + 0 1 = 8 : 6.853971686144655
0 0 7 + 0 2 = 9 : 6.822742829871934
0 0 7 + 0 = 0 7 : 5.014132087496662
0 0 7 + 1 = 0 8 : 6.919966305930918
0 0 7 + 2 = 0 9 : 6.88998979081062
0 0 7 + 3 = 1 0 : 6.903108205825564
0 0 7 + 4 = 1 1 : 7.582458060682507
0 0 7 + 5 = 1 2 : 8.042850296245037
0 0 7 + 6 = 1 3 : 8.019924699783374
0 0 7 + 7 = 1 4 : 7.343393898610499
0 0 7 + 8 = 1 5 : 7.985109902127933
0 0 7 + 9 = 1 6 : 8.001390252887305
0 0 7 - 0 0 = 7 : 4.961912908527373
0 0 7 - 0 1 = 6 : 6.8719619839691575
0 0 7 - 0 2 = 5 : 6.824683312402371
0 0 7 - 0 3 = 4 : 6.841630328861334
0 0 7 - 0 4 = 3 : 6.8138013204449015
0 0 7 - 0 5 = 2 : 6.808902884625153
0 0 7 - 0 6 = 1 : 6.801930711366264
0 0 7 - 0 7 = 0 : 4.8334646599352995
0 0 7 - 0 = 0 7 : 5.081367143626141
0 0 7 - 1 = 0 6 : 6.995543084124589
0 0 7 - 2 = 0 5 : 6.940956705936022
0 0 7 - 3 = 0 4 : 6.972696045015472
0 0 7 - 4 = 0 3 : 6.947258953881402
0 0 7 - 5 = 0 2 : 6.949735518200989
0 0 7 - 6 = 0 1 : 6.947324192299372
0 0 7 - 7 = 0 0 : 5.03206003752615
0 0 7 * 0 0 = 0 : 4.356130680318331
0 0 7 * 0 1 = 7 : 5.969432624235015
0 0 7 * 0 = 0 0 : 4.3444044215794
0 0 7 * 1 = 0 7 : 6.057938094966385
0 0 7 * 2 = 1 4 : 7.993619594158435
0 0 7 * 3 = 2 1 : 7.901424310632115
0 0 7 * 4 = 2 8 : 7.952548925123786
0 0 7 * 5 = 3 5 : 7.1669027335236155
0 0 7 * 6 = 4 2 : 7.927004952368424
0 0 7 * 7 = 4 9 : 7.138997262715408
0 0 7 * 8 = 5 6 : 7.806271865563796
0 0 7 * 9 = 6 3 : 7.804918576523258
0 0 7 / 0 1 = 7 : 5.711990098349843
0 0 7 / 0 7 = 1 : 5.683415695060273
0 0 7 / 1 = 0 7 : 5.880349242073882
0 0 7 / 7 = 0 1 : 5.833556418778155
0 0 7 = 0 0 0 7 : 3.0531414441797633
0 0 7 = 0 0 + 7 : 3.947822895128496
0 0 7 = 0 1 + 6 : 5.8579142313279995
0 0 7 = 0 1 * 7 : 4.980515450326767
0 0 7 = 0 2 + 5 : 5.832383074812601
0 0 7 = 0 3 + 4 : 5.83703152131746
0 0 7 = 0 4 + 3 : 5.811462008682759
0 0 7 = 0 5 + 2 : 5.827163484059227
0 0 7 = 0 6 + 1 : 5.805057542704884
0 0 7 = 0 7 + 0 : 3.8837310226215025
0 0 7 = 0 7 - 0 : 3.9003259299401223
0 0 7 = 0 7 * 1 : 4.98046471217818
0 0 7 = 0 7 / 1 : 4.88661871657657
0 0 7 = 0 8 - 1 : 5.812762662108935
0 0 7 = 0 9 - 2 : 5.822594998925425
0 0 7 = 0 + 0 7 : 3.947829584779883
0 0 7 = 1 0 - 3 : 5.898198013462992
0 0 7 = 1 1 - 4 : 6.611241356624886
0 0 7 = 1 2 - 5 : 7.004856608088365
0 0 7 = 1 3 - 6 : 7.01075543573346
0 0 7 = 1 4 - 7 : 6.273230401666
0 0 7 = 1 4 / 2 : 6.813321716357573
0 0 7 = 1 5 - 8 : 6.965715892023545
0 0 7 = 1 6 - 9 : 6.939484121547603
0 0 7 = 1 + 0 6 : 5.901331102028612
0 0 7 = 1 * 0 7 : 5.044167976785702
0 0 7 = 2 1 / 3 : 6.7702622881316525
0 0 7 = 2 8 / 4 : 6.7546616234752275
0 0 7 = 2 + 0 5 : 5.8594886730833595
0 0 7 = 3 5 / 5 : 6.005121272398788
0 0 7 = 3 + 0 4 : 5.865337917779103
0 0 7 = 4 2 / 6 : 6.778397290837635
0 0 7 = 4 9 / 7 : 5.939886488061173
0 0 7 = 4 + 0 3 : 5.840251954828248
0 0 7 = 5 6 / 8 : 6.654186638287195
0 0 7 = 5 + 0 2 : 5.859520446531065
0 0 7 = 6 3 / 9 : 6.666803446355427
0 0 7 = 6 + 0 1 : 5.83438791335953
0 0 7 = 7 + 0 0 : 3.928031471053258
0 0 7 = 7 - 0 0 : 3.940689542736345
0 0 7 = 7 * 0 1 : 5.010379973914209
0 0 7 = 7 / 0 1 : 4.9202633178265796
0 0 7 = 8 - 0 1 : 5.836673727574929
0 0 7 = 9 - 0 2 : 5.853465527720384
0 0 8 0 * 0 = 0 : 4.27867571896507
0 0 8 0 = 0 8 0 : 3.408098244094534
0 0 8 1 * 0 = 0 : 5.574538011857238
0 0 8 1 / 9 = 9 : 6.790546257329465
0 0 8 1 = 0 8 1 : 5.4440325652339965
